
function sandbox(var,func)
	local env = getfenv(func)
	local newenv = setmetatable({},{
		__index = function(self,k)
			if k=="script" then
				return var
			else
				return env[k]
			end
		end,
	})
	setfenv(func,newenv)
	return func
end
cors = {}
mas = Instance.new("Model",game:GetService("Lighting"))
Model0 = Instance.new("Model")
Model1 = Instance.new("Model")
Part2 = Instance.new("Part")
Part3 = Instance.new("Part")
WedgePart4 = Instance.new("WedgePart")
Part5 = Instance.new("Part")
Part6 = Instance.new("Part")
Part7 = Instance.new("Part")
WedgePart8 = Instance.new("WedgePart")
WedgePart9 = Instance.new("WedgePart")
WedgePart10 = Instance.new("WedgePart")
WedgePart11 = Instance.new("WedgePart")
WedgePart12 = Instance.new("WedgePart")
WedgePart13 = Instance.new("WedgePart")
Part14 = Instance.new("Part")
Part15 = Instance.new("Part")
Part16 = Instance.new("Part")
WedgePart17 = Instance.new("WedgePart")
Model18 = Instance.new("Model")
Model19 = Instance.new("Model")
Part20 = Instance.new("Part")
CylinderMesh21 = Instance.new("CylinderMesh")
Snap22 = Instance.new("Snap")
Part23 = Instance.new("Part")
CylinderMesh24 = Instance.new("CylinderMesh")
Part25 = Instance.new("Part")
CylinderMesh26 = Instance.new("CylinderMesh")
Snap27 = Instance.new("Snap")
Part28 = Instance.new("Part")
CylinderMesh29 = Instance.new("CylinderMesh")
Snap30 = Instance.new("Snap")
Part31 = Instance.new("Part")
CylinderMesh32 = Instance.new("CylinderMesh")
Snap33 = Instance.new("Snap")
Part34 = Instance.new("Part")
SpecialMesh35 = Instance.new("SpecialMesh")
Part36 = Instance.new("Part")
CylinderMesh37 = Instance.new("CylinderMesh")
Part38 = Instance.new("Part")
SpecialMesh39 = Instance.new("SpecialMesh")
Part40 = Instance.new("Part")
BlockMesh41 = Instance.new("BlockMesh")
Part42 = Instance.new("Part")
CylinderMesh43 = Instance.new("CylinderMesh")
Part44 = Instance.new("Part")
SpecialMesh45 = Instance.new("SpecialMesh")
Part46 = Instance.new("Part")
SpecialMesh47 = Instance.new("SpecialMesh")
Model48 = Instance.new("Model")
Part49 = Instance.new("Part")
CylinderMesh50 = Instance.new("CylinderMesh")
Snap51 = Instance.new("Snap")
Part52 = Instance.new("Part")
CylinderMesh53 = Instance.new("CylinderMesh")
Part54 = Instance.new("Part")
CylinderMesh55 = Instance.new("CylinderMesh")
Snap56 = Instance.new("Snap")
Part57 = Instance.new("Part")
CylinderMesh58 = Instance.new("CylinderMesh")
Snap59 = Instance.new("Snap")
Part60 = Instance.new("Part")
CylinderMesh61 = Instance.new("CylinderMesh")
Part62 = Instance.new("Part")
SpecialMesh63 = Instance.new("SpecialMesh")
Part64 = Instance.new("Part")
CylinderMesh65 = Instance.new("CylinderMesh")
Part66 = Instance.new("Part")
SpecialMesh67 = Instance.new("SpecialMesh")
Part68 = Instance.new("Part")
BlockMesh69 = Instance.new("BlockMesh")
Snap70 = Instance.new("Snap")
Part71 = Instance.new("Part")
CylinderMesh72 = Instance.new("CylinderMesh")
Part73 = Instance.new("Part")
SpecialMesh74 = Instance.new("SpecialMesh")
Part75 = Instance.new("Part")
SpecialMesh76 = Instance.new("SpecialMesh")
Model77 = Instance.new("Model")
Part78 = Instance.new("Part")
CylinderMesh79 = Instance.new("CylinderMesh")
Snap80 = Instance.new("Snap")
Part81 = Instance.new("Part")
CylinderMesh82 = Instance.new("CylinderMesh")
Part83 = Instance.new("Part")
CylinderMesh84 = Instance.new("CylinderMesh")
Snap85 = Instance.new("Snap")
Part86 = Instance.new("Part")
CylinderMesh87 = Instance.new("CylinderMesh")
Part88 = Instance.new("Part")
CylinderMesh89 = Instance.new("CylinderMesh")
Snap90 = Instance.new("Snap")
Part91 = Instance.new("Part")
SpecialMesh92 = Instance.new("SpecialMesh")
Part93 = Instance.new("Part")
CylinderMesh94 = Instance.new("CylinderMesh")
Part95 = Instance.new("Part")
SpecialMesh96 = Instance.new("SpecialMesh")
Part97 = Instance.new("Part")
BlockMesh98 = Instance.new("BlockMesh")
Snap99 = Instance.new("Snap")
Part100 = Instance.new("Part")
CylinderMesh101 = Instance.new("CylinderMesh")
Part102 = Instance.new("Part")
SpecialMesh103 = Instance.new("SpecialMesh")
Part104 = Instance.new("Part")
SpecialMesh105 = Instance.new("SpecialMesh")
Model106 = Instance.new("Model")
Part107 = Instance.new("Part")
CylinderMesh108 = Instance.new("CylinderMesh")
Snap109 = Instance.new("Snap")
Part110 = Instance.new("Part")
CylinderMesh111 = Instance.new("CylinderMesh")
Part112 = Instance.new("Part")
CylinderMesh113 = Instance.new("CylinderMesh")
Snap114 = Instance.new("Snap")
Part115 = Instance.new("Part")
CylinderMesh116 = Instance.new("CylinderMesh")
Snap117 = Instance.new("Snap")
Part118 = Instance.new("Part")
CylinderMesh119 = Instance.new("CylinderMesh")
Part120 = Instance.new("Part")
SpecialMesh121 = Instance.new("SpecialMesh")
Part122 = Instance.new("Part")
CylinderMesh123 = Instance.new("CylinderMesh")
Part124 = Instance.new("Part")
SpecialMesh125 = Instance.new("SpecialMesh")
Part126 = Instance.new("Part")
BlockMesh127 = Instance.new("BlockMesh")
Snap128 = Instance.new("Snap")
Part129 = Instance.new("Part")
CylinderMesh130 = Instance.new("CylinderMesh")
Part131 = Instance.new("Part")
SpecialMesh132 = Instance.new("SpecialMesh")
Part133 = Instance.new("Part")
SpecialMesh134 = Instance.new("SpecialMesh")
Model135 = Instance.new("Model")
Part136 = Instance.new("Part")
Part137 = Instance.new("Part")
Part138 = Instance.new("Part")
CylinderMesh139 = Instance.new("CylinderMesh")
Part140 = Instance.new("Part")
Part141 = Instance.new("Part")
CylinderMesh142 = Instance.new("CylinderMesh")
Part143 = Instance.new("Part")
CylinderMesh144 = Instance.new("CylinderMesh")
Part145 = Instance.new("Part")
Part146 = Instance.new("Part")
CylinderMesh147 = Instance.new("CylinderMesh")
Part148 = Instance.new("Part")
CylinderMesh149 = Instance.new("CylinderMesh")
Part150 = Instance.new("Part")
Part151 = Instance.new("Part")
Part152 = Instance.new("Part")
Part153 = Instance.new("Part")
CylinderMesh154 = Instance.new("CylinderMesh")
Part155 = Instance.new("Part")
CylinderMesh156 = Instance.new("CylinderMesh")
Part157 = Instance.new("Part")
CylinderMesh158 = Instance.new("CylinderMesh")
Part159 = Instance.new("Part")
CylinderMesh160 = Instance.new("CylinderMesh")
Part161 = Instance.new("Part")
Part162 = Instance.new("Part")
Part163 = Instance.new("Part")
CylinderMesh164 = Instance.new("CylinderMesh")
Part165 = Instance.new("Part")
CylinderMesh166 = Instance.new("CylinderMesh")
Part167 = Instance.new("Part")
Part168 = Instance.new("Part")
Part169 = Instance.new("Part")
Part170 = Instance.new("Part")
Part171 = Instance.new("Part")
Part172 = Instance.new("Part")
Part173 = Instance.new("Part")
Part174 = Instance.new("Part")
Part175 = Instance.new("Part")
Part176 = Instance.new("Part")
CylinderMesh177 = Instance.new("CylinderMesh")
Part178 = Instance.new("Part")
Part179 = Instance.new("Part")
Part180 = Instance.new("Part")
Part181 = Instance.new("Part")
Part182 = Instance.new("Part")
CylinderMesh183 = Instance.new("CylinderMesh")
Part184 = Instance.new("Part")
CylinderMesh185 = Instance.new("CylinderMesh")
Part186 = Instance.new("Part")
CylinderMesh187 = Instance.new("CylinderMesh")
Part188 = Instance.new("Part")
Part189 = Instance.new("Part")
CylinderMesh190 = Instance.new("CylinderMesh")
Part191 = Instance.new("Part")
Model192 = Instance.new("Model")
Part193 = Instance.new("Part")
CylinderMesh194 = Instance.new("CylinderMesh")
Part195 = Instance.new("Part")
CylinderMesh196 = Instance.new("CylinderMesh")
Part197 = Instance.new("Part")
CylinderMesh198 = Instance.new("CylinderMesh")
Part199 = Instance.new("Part")
CylinderMesh200 = Instance.new("CylinderMesh")
Part201 = Instance.new("Part")
CylinderMesh202 = Instance.new("CylinderMesh")
Part203 = Instance.new("Part")
CylinderMesh204 = Instance.new("CylinderMesh")
Part205 = Instance.new("Part")
CylinderMesh206 = Instance.new("CylinderMesh")
Part207 = Instance.new("Part")
CylinderMesh208 = Instance.new("CylinderMesh")
Part209 = Instance.new("Part")
CylinderMesh210 = Instance.new("CylinderMesh")
Part211 = Instance.new("Part")
CylinderMesh212 = Instance.new("CylinderMesh")
Part213 = Instance.new("Part")
CylinderMesh214 = Instance.new("CylinderMesh")
Part215 = Instance.new("Part")
CylinderMesh216 = Instance.new("CylinderMesh")
Part217 = Instance.new("Part")
CylinderMesh218 = Instance.new("CylinderMesh")
Part219 = Instance.new("Part")
CylinderMesh220 = Instance.new("CylinderMesh")
Part221 = Instance.new("Part")
CylinderMesh222 = Instance.new("CylinderMesh")
Part223 = Instance.new("Part")
CylinderMesh224 = Instance.new("CylinderMesh")
Part225 = Instance.new("Part")
CylinderMesh226 = Instance.new("CylinderMesh")
Part227 = Instance.new("Part")
CylinderMesh228 = Instance.new("CylinderMesh")
Part229 = Instance.new("Part")
CylinderMesh230 = Instance.new("CylinderMesh")
Part231 = Instance.new("Part")
CylinderMesh232 = Instance.new("CylinderMesh")
Part233 = Instance.new("Part")
CylinderMesh234 = Instance.new("CylinderMesh")
Part235 = Instance.new("Part")
CylinderMesh236 = Instance.new("CylinderMesh")
Part237 = Instance.new("Part")
CylinderMesh238 = Instance.new("CylinderMesh")
Part239 = Instance.new("Part")
CylinderMesh240 = Instance.new("CylinderMesh")
Model241 = Instance.new("Model")
Part242 = Instance.new("Part")
CylinderMesh243 = Instance.new("CylinderMesh")
Part244 = Instance.new("Part")
SpecialMesh245 = Instance.new("SpecialMesh")
SpotLight246 = Instance.new("SpotLight")
Part247 = Instance.new("Part")
CylinderMesh248 = Instance.new("CylinderMesh")
Part249 = Instance.new("Part")
SpecialMesh250 = Instance.new("SpecialMesh")
SpotLight251 = Instance.new("SpotLight")
Part252 = Instance.new("Part")
CylinderMesh253 = Instance.new("CylinderMesh")
Part254 = Instance.new("Part")
SpecialMesh255 = Instance.new("SpecialMesh")
SpotLight256 = Instance.new("SpotLight")
Part257 = Instance.new("Part")
SpecialMesh258 = Instance.new("SpecialMesh")
SpotLight259 = Instance.new("SpotLight")
Part260 = Instance.new("Part")
CylinderMesh261 = Instance.new("CylinderMesh")
Model262 = Instance.new("Model")
UnionOperation263 = Instance.new("UnionOperation")
Script264 = Instance.new("Script")
Sound265 = Instance.new("Sound")
Sky266 = Instance.new("Sky")
Script267 = Instance.new("Script")
Part268 = Instance.new("Part")
CylinderMesh269 = Instance.new("CylinderMesh")
Part270 = Instance.new("Part")
SpecialMesh271 = Instance.new("SpecialMesh")
Script272 = Instance.new("Script")
Script273 = Instance.new("Script")
Model0.Name = "Fat Man 20 kilotons"
Model0.Parent = mas
Model1.Name = "Tail"
Model1.Parent = Model0
Part2.Parent = Model1
Part2.CFrame = CFrame.new(58.7999115, 3.99997544, -117.099968, 1, 2.82819883e-06, -3.36738549e-06, -3.81262737e-07, -0.707106113, -0.707107484, -4.38093866e-06, 0.707107544, -0.707106054)
Part2.Orientation = Vector3.new(45, -180, -180)
Part2.Position = Vector3.new(58.79991149902344, 3.9999754428863525, -117.09996795654297)
Part2.Rotation = Vector3.new(135, 0, 0)
Part2.Color = Color3.new(0.960784, 0.803922, 0.188235)
Part2.Size = Vector3.new(4.400000095367432, 0.20000000298023224, 10.600000381469727)
Part2.Anchored = true
Part2.BottomSurface = Enum.SurfaceType.Smooth
Part2.BrickColor = BrickColor.new("Bright yellow")
Part2.Material = Enum.Material.Metal
Part2.TopSurface = Enum.SurfaceType.Smooth
Part2.brickColor = BrickColor.new("Bright yellow")
Part2.FormFactor = Enum.FormFactor.Symmetric
Part2.formFactor = Enum.FormFactor.Symmetric
Part3.Parent = Model1
Part3.CFrame = CFrame.new(58.7998657, 3.99997568, -120.900383, 1, -3.81255518e-07, -4.38093957e-06, -3.81262737e-07, -1, -2.72929219e-06, -4.38093866e-06, 2.729264e-06, -1)
Part3.Orientation = Vector3.new(0, -180, -180)
Part3.Position = Vector3.new(58.79986572265625, 3.9999756813049316, -120.90038299560547)
Part3.Rotation = Vector3.new(180, 0, 0)
Part3.Color = Color3.new(0.960784, 0.803922, 0.188235)
Part3.Size = Vector3.new(4.400000095367432, 7.400000095367432, 0.20000000298023224)
Part3.Anchored = true
Part3.BottomSurface = Enum.SurfaceType.Smooth
Part3.BrickColor = BrickColor.new("Bright yellow")
Part3.Material = Enum.Material.Metal
Part3.TopSurface = Enum.SurfaceType.Smooth
Part3.brickColor = BrickColor.new("Bright yellow")
Part3.FormFactor = Enum.FormFactor.Symmetric
Part3.formFactor = Enum.FormFactor.Symmetric
WedgePart4.Parent = Model1
WedgePart4.CFrame = CFrame.new(55.1000481, 3.99997568, -119.700195, 1.3908631e-07, 1.5171679e-06, 1, -1, -2.66968618e-06, 1.39095249e-07, 2.66965708e-06, -1, 1.51716711e-06)
WedgePart4.Orientation = Vector3.new(0, 90, -90)
WedgePart4.Position = Vector3.new(55.10004806518555, 3.9999756813049316, -119.7001953125)
WedgePart4.Rotation = Vector3.new(-90, 90, 0)
WedgePart4.Color = Color3.new(0.960784, 0.803922, 0.188235)
WedgePart4.Size = Vector3.new(0.20000000298023224, 2.1999998092651367, 3)
WedgePart4.Anchored = true
WedgePart4.BrickColor = BrickColor.new("Bright yellow")
WedgePart4.Material = Enum.Material.Metal
WedgePart4.brickColor = BrickColor.new("Bright yellow")
WedgePart4.FormFactor = Enum.FormFactor.Symmetric
WedgePart4.formFactor = Enum.FormFactor.Symmetric
Part5.Parent = Model1
Part5.CFrame = CFrame.new(58.7999115, 7.79997063, -117.099983, 1, -3.81255518e-07, -4.38093957e-06, -3.81262737e-07, -1, -2.72929219e-06, -4.38093866e-06, 2.729264e-06, -1)
Part5.Orientation = Vector3.new(0, -180, -180)
Part5.Position = Vector3.new(58.79991149902344, 7.799970626831055, -117.09998321533203)
Part5.Rotation = Vector3.new(180, 0, 0)
Part5.Color = Color3.new(0.960784, 0.803922, 0.188235)
Part5.Size = Vector3.new(4.400000095367432, 0.20000000298023224, 7.800000190734863)
Part5.Anchored = true
Part5.BottomSurface = Enum.SurfaceType.Smooth
Part5.BrickColor = BrickColor.new("Bright yellow")
Part5.Material = Enum.Material.Metal
Part5.TopSurface = Enum.SurfaceType.Smooth
Part5.brickColor = BrickColor.new("Bright yellow")
Part5.FormFactor = Enum.FormFactor.Symmetric
Part5.formFactor = Enum.FormFactor.Symmetric
Part6.Parent = Model1
Part6.CFrame = CFrame.new(58.7999115, 3.99997544, -117.099968, 1, 3.36738503e-06, 2.82819883e-06, -3.81262737e-07, 0.707107544, -0.707105994, -4.38093866e-06, 0.707105994, 0.707107544)
Part6.Orientation = Vector3.new(45, 0, 0)
Part6.Position = Vector3.new(58.79991149902344, 3.9999754428863525, -117.09996795654297)
Part6.Rotation = Vector3.new(45, 0, 0)
Part6.Color = Color3.new(0.960784, 0.803922, 0.188235)
Part6.Size = Vector3.new(4.400000095367432, 0.20000000298023224, 10.600000381469727)
Part6.Anchored = true
Part6.BottomSurface = Enum.SurfaceType.Smooth
Part6.BrickColor = BrickColor.new("Bright yellow")
Part6.Material = Enum.Material.Metal
Part6.TopSurface = Enum.SurfaceType.Smooth
Part6.brickColor = BrickColor.new("Bright yellow")
Part6.FormFactor = Enum.FormFactor.Symmetric
Part6.formFactor = Enum.FormFactor.Symmetric
Part7.Parent = Model1
Part7.CFrame = CFrame.new(58.7999115, 3.99997544, -117.099968, 1, 4.38093866e-06, -3.81271235e-07, -3.81262737e-07, -8.57489567e-07, -1, -4.38093866e-06, 1, -8.57517534e-07)
Part7.Orientation = Vector3.new(90, 0, 0)
Part7.Position = Vector3.new(58.79991149902344, 3.9999754428863525, -117.09996795654297)
Part7.Rotation = Vector3.new(90, 0, 0)
Part7.Color = Color3.new(0.960784, 0.803922, 0.188235)
Part7.Size = Vector3.new(4.400000095367432, 0.20000000298023224, 7.400000095367432)
Part7.Anchored = true
Part7.BottomSurface = Enum.SurfaceType.Smooth
Part7.BrickColor = BrickColor.new("Bright yellow")
Part7.Material = Enum.Material.Metal
Part7.TopSurface = Enum.SurfaceType.Smooth
Part7.brickColor = BrickColor.new("Bright yellow")
Part7.FormFactor = Enum.FormFactor.Symmetric
Part7.formFactor = Enum.FormFactor.Symmetric
WedgePart8.Parent = Model1
WedgePart8.CFrame = CFrame.new(55.1000938, 2.16153336, -115.261475, -1.16156525e-06, -9.83925474e-07, 1, 0.707107484, -0.707106113, 1.25616197e-07, 0.707106054, 0.707107544, 1.51709071e-06)
WedgePart8.Orientation = Vector3.new(0, 90, 135)
WedgePart8.Position = Vector3.new(55.100093841552734, 2.1615333557128906, -115.261474609375)
WedgePart8.Rotation = Vector3.new(135, 90, 0)
WedgePart8.Color = Color3.new(0.960784, 0.803922, 0.188235)
WedgePart8.Size = Vector3.new(0.20000000298023224, 2.1999998092651367, 3)
WedgePart8.Anchored = true
WedgePart8.BrickColor = BrickColor.new("Bright yellow")
WedgePart8.Material = Enum.Material.Metal
WedgePart8.brickColor = BrickColor.new("Bright yellow")
WedgePart8.FormFactor = Enum.FormFactor.Symmetric
WedgePart8.formFactor = Enum.FormFactor.Symmetric
WedgePart9.Parent = Model1
WedgePart9.CFrame = CFrame.new(55.1000328, 5.83843565, -118.937622, 1.2502112e-06, 8.6655848e-07, 1, -0.707107484, 0.707106113, 2.71289423e-07, -0.707106054, -0.707107544, 1.49678169e-06)
WedgePart9.Orientation = Vector3.new(0, 90, -45)
WedgePart9.Position = Vector3.new(55.100032806396484, 5.838435649871826, -118.9376220703125)
WedgePart9.Rotation = Vector3.new(-45, 90, 0)
WedgePart9.Color = Color3.new(0.960784, 0.803922, 0.188235)
WedgePart9.Size = Vector3.new(0.20000000298023224, 2.1999998092651367, 3)
WedgePart9.Anchored = true
WedgePart9.BrickColor = BrickColor.new("Bright yellow")
WedgePart9.Material = Enum.Material.Metal
WedgePart9.brickColor = BrickColor.new("Bright yellow")
WedgePart9.FormFactor = Enum.FormFactor.Symmetric
WedgePart9.formFactor = Enum.FormFactor.Symmetric
WedgePart10.Parent = Model1
WedgePart10.CFrame = CFrame.new(55.1000671, 6.59992695, -117.099976, 1.60181037e-06, -2.46950179e-07, 1, 8.87289787e-07, 1, 2.46953562e-07, -1, 8.87319061e-07, 1.6018106e-06)
WedgePart10.Orientation = Vector3.new(0, 90, 0)
WedgePart10.Position = Vector3.new(55.100067138671875, 6.599926948547363, -117.0999755859375)
WedgePart10.Rotation = Vector3.new(0, 90, 0)
WedgePart10.Color = Color3.new(0.960784, 0.803922, 0.188235)
WedgePart10.Size = Vector3.new(0.20000000298023224, 2.1999998092651367, 3)
WedgePart10.Anchored = true
WedgePart10.BrickColor = BrickColor.new("Bright yellow")
WedgePart10.Material = Enum.Material.Metal
WedgePart10.brickColor = BrickColor.new("Bright yellow")
WedgePart10.FormFactor = Enum.FormFactor.Symmetric
WedgePart10.formFactor = Enum.FormFactor.Symmetric
WedgePart11.Parent = Model1
WedgePart11.CFrame = CFrame.new(55.1000977, 1.40000749, -117.099983, -1.51316556e-06, 1.29583071e-07, 1, -9.46894431e-07, -1, 1.29586368e-07, 1, -9.46923649e-07, 1.51316567e-06)
WedgePart11.Orientation = Vector3.new(0, 90, -180)
WedgePart11.Position = Vector3.new(55.10009765625, 1.4000074863433838, -117.09998321533203)
WedgePart11.Rotation = Vector3.new(-180, 90, 0)
WedgePart11.Color = Color3.new(0.960784, 0.803922, 0.188235)
WedgePart11.Size = Vector3.new(0.20000000298023224, 2.1999998092651367, 3)
WedgePart11.Anchored = true
WedgePart11.BrickColor = BrickColor.new("Bright yellow")
WedgePart11.Material = Enum.Material.Metal
WedgePart11.brickColor = BrickColor.new("Bright yellow")
WedgePart11.FormFactor = Enum.FormFactor.Symmetric
WedgePart11.formFactor = Enum.FormFactor.Symmetric
WedgePart12.Parent = Model1
WedgePart12.CFrame = CFrame.new(55.1000938, 5.83843613, -115.261475, 9.87926683e-07, -1.17107459e-06, 1, 0.707105994, 0.707107544, 1.29511051e-07, -0.707107544, 0.707105994, 1.52664404e-06)
WedgePart12.Orientation = Vector3.new(0, 90, 45)
WedgePart12.Position = Vector3.new(55.100093841552734, 5.838436126708984, -115.261474609375)
WedgePart12.Rotation = Vector3.new(45, 90, 0)
WedgePart12.Color = Color3.new(0.960784, 0.803922, 0.188235)
WedgePart12.Size = Vector3.new(0.20000000298023224, 2.1999998092651367, 3)
WedgePart12.Anchored = true
WedgePart12.BrickColor = BrickColor.new("Bright yellow")
WedgePart12.Material = Enum.Material.Metal
WedgePart12.brickColor = BrickColor.new("Bright yellow")
WedgePart12.FormFactor = Enum.FormFactor.Symmetric
WedgePart12.formFactor = Enum.FormFactor.Symmetric
WedgePart13.Parent = Model1
WedgePart13.CFrame = CFrame.new(55.1000328, 2.1615243, -118.937622, -8.9928119e-07, 1.05370725e-06, 1, -0.707105994, -0.707107544, 1.09201444e-07, 0.707107544, -0.707105994, 1.38097118e-06)
WedgePart13.Orientation = Vector3.new(0, 90, -135)
WedgePart13.Position = Vector3.new(55.100032806396484, 2.1615242958068848, -118.9376220703125)
WedgePart13.Rotation = Vector3.new(-135, 90, 0)
WedgePart13.Color = Color3.new(0.960784, 0.803922, 0.188235)
WedgePart13.Size = Vector3.new(0.20000000298023224, 2.1999998092651367, 3)
WedgePart13.Anchored = true
WedgePart13.BrickColor = BrickColor.new("Bright yellow")
WedgePart13.Material = Enum.Material.Metal
WedgePart13.brickColor = BrickColor.new("Bright yellow")
WedgePart13.FormFactor = Enum.FormFactor.Symmetric
WedgePart13.formFactor = Enum.FormFactor.Symmetric
Part14.Parent = Model1
Part14.CFrame = CFrame.new(58.7999496, 3.99995255, -113.301018, 1, -3.81255518e-07, -4.38093957e-06, -3.81262737e-07, -1, -2.72929219e-06, -4.38093866e-06, 2.729264e-06, -1)
Part14.Orientation = Vector3.new(0, -180, -180)
Part14.Position = Vector3.new(58.799949645996094, 3.999952554702759, -113.30101776123047)
Part14.Rotation = Vector3.new(180, 0, 0)
Part14.Color = Color3.new(0.960784, 0.803922, 0.188235)
Part14.Size = Vector3.new(4.400000095367432, 7.400000095367432, 0.20000000298023224)
Part14.Anchored = true
Part14.BottomSurface = Enum.SurfaceType.Smooth
Part14.BrickColor = BrickColor.new("Bright yellow")
Part14.Material = Enum.Material.Metal
Part14.TopSurface = Enum.SurfaceType.Smooth
Part14.brickColor = BrickColor.new("Bright yellow")
Part14.FormFactor = Enum.FormFactor.Symmetric
Part14.formFactor = Enum.FormFactor.Symmetric
Part15.Parent = Model1
Part15.CFrame = CFrame.new(58.7999115, 3.99997544, -117.099968, 1, -3.81255518e-07, -4.38093957e-06, -3.81262737e-07, -1, -2.72929219e-06, -4.38093866e-06, 2.729264e-06, -1)
Part15.Orientation = Vector3.new(0, -180, -180)
Part15.Position = Vector3.new(58.79991149902344, 3.9999754428863525, -117.09996795654297)
Part15.Rotation = Vector3.new(180, 0, 0)
Part15.Color = Color3.new(0.960784, 0.803922, 0.188235)
Part15.Size = Vector3.new(4.400000095367432, 0.20000000298023224, 7.400000095367432)
Part15.Anchored = true
Part15.BottomSurface = Enum.SurfaceType.Smooth
Part15.BrickColor = BrickColor.new("Bright yellow")
Part15.Material = Enum.Material.Metal
Part15.TopSurface = Enum.SurfaceType.Smooth
Part15.brickColor = BrickColor.new("Bright yellow")
Part15.FormFactor = Enum.FormFactor.Symmetric
Part15.formFactor = Enum.FormFactor.Symmetric
Part16.Parent = Model1
Part16.CFrame = CFrame.new(58.7999115, 0.200008154, -117.099976, 1, -3.81255518e-07, -4.38093957e-06, -3.81262737e-07, -1, -2.72929219e-06, -4.38093866e-06, 2.729264e-06, -1)
Part16.Orientation = Vector3.new(0, -180, -180)
Part16.Position = Vector3.new(58.79991149902344, 0.20000815391540527, -117.0999755859375)
Part16.Rotation = Vector3.new(180, 0, 0)
Part16.Color = Color3.new(0.960784, 0.803922, 0.188235)
Part16.Size = Vector3.new(4.400000095367432, 0.20000000298023224, 7.800000190734863)
Part16.Anchored = true
Part16.BottomSurface = Enum.SurfaceType.Smooth
Part16.BrickColor = BrickColor.new("Bright yellow")
Part16.Material = Enum.Material.Metal
Part16.TopSurface = Enum.SurfaceType.Smooth
Part16.brickColor = BrickColor.new("Bright yellow")
Part16.FormFactor = Enum.FormFactor.Symmetric
Part16.formFactor = Enum.FormFactor.Symmetric
WedgePart17.Parent = Model1
WedgePart17.CFrame = CFrame.new(55.1000633, 3.99997258, -114.500488, -5.04408249e-08, -1.63453524e-06, 1, 1, 2.72637044e-06, 5.04500477e-08, -2.72634065e-06, 1, 1.63453478e-06)
WedgePart17.Orientation = Vector3.new(0, 90, 90)
WedgePart17.Position = Vector3.new(55.10006332397461, 3.9999725818634033, -114.50048828125)
WedgePart17.Rotation = Vector3.new(90, 90, 0)
WedgePart17.Color = Color3.new(0.960784, 0.803922, 0.188235)
WedgePart17.Size = Vector3.new(0.20000000298023224, 2.1999998092651367, 3)
WedgePart17.Anchored = true
WedgePart17.BrickColor = BrickColor.new("Bright yellow")
WedgePart17.Material = Enum.Material.Metal
WedgePart17.brickColor = BrickColor.new("Bright yellow")
WedgePart17.FormFactor = Enum.FormFactor.Symmetric
WedgePart17.formFactor = Enum.FormFactor.Symmetric
Model18.Name = "Parts"
Model18.Parent = Model0
Model19.Parent = Model18
Part20.Parent = Model19
Part20.CFrame = CFrame.new(46.8852043, 0.869597435, -114.043823, 0.992697299, -0.120632432, -3.39351209e-06, -0.0853023008, -0.701941848, -0.707107604, 0.0852977335, 0.701944292, -0.707105994)
Part20.Orientation = Vector3.new(45, -180, -173.07000732421875)
Part20.Position = Vector3.new(46.88520431518555, 0.8695974349975586, -114.0438232421875)
Part20.Rotation = Vector3.new(135, 0, 6.929999828338623)
Part20.Color = Color3.new(0.87451, 0.87451, 0.870588)
Part20.Size = Vector3.new(0.20000000298023224, 0.8206923007965088, 0.20000000298023224)
Part20.Anchored = true
Part20.BrickColor = BrickColor.new("Quill grey")
Part20.CanCollide = false
Part20.Material = Enum.Material.Metal
Part20.brickColor = BrickColor.new("Quill grey")
Part20.FormFactor = Enum.FormFactor.Custom
Part20.formFactor = Enum.FormFactor.Custom
CylinderMesh21.Parent = Part20
CylinderMesh21.Scale = Vector3.new(0.586208701133728, 1, 0.9999961853027344)
Snap22.Parent = Part20
Snap22.C0 = CFrame.new(0, -0.41034615, 0, 1, 0, 0, 0, 0, -1, 0, 1, 0)
Snap22.C1 = CFrame.new(-0.175908089, 0.175535202, 0.00036239624, 1.00000012, -3.7252903e-09, -1.49011612e-08, 1.49011612e-08, -1.49011612e-07, -1.00000024, -3.7252903e-09, 1.00000012, 1.49011612e-07)
Snap22.Part0 = Part20
Snap22.Part1 = Part40
Snap22.part1 = Part40
Part23.Parent = Model19
Part23.CFrame = CFrame.new(46.6648827, 1.30608845, -114.480957, -0.120635584, 1.17071806e-06, 0.992696941, -0.70194155, -0.707108021, -0.0853012726, 0.701944053, -0.707105577, 0.0853032097)
Part23.Orientation = Vector3.new(4.889999866485596, 85.08999633789062, -135.2100067138672)
Part23.Position = Vector3.new(46.66488265991211, 1.3060884475708008, -114.48095703125)
Part23.Rotation = Vector3.new(45, 83.06999969482422, -180)
Part23.Color = Color3.new(0.87451, 0.87451, 0.870588)
Part23.Size = Vector3.new(0.3517252206802368, 0.20000000298023224, 0.5999977588653564)
Part23.Anchored = true
Part23.BrickColor = BrickColor.new("Quill grey")
Part23.CanCollide = false
Part23.Material = Enum.Material.Metal
Part23.brickColor = BrickColor.new("Quill grey")
Part23.FormFactor = Enum.FormFactor.Custom
Part23.formFactor = Enum.FormFactor.Custom
CylinderMesh24.Parent = Part23
Part25.Parent = Model19
Part25.CFrame = CFrame.new(47.2342796, 0.839594126, -114.014526, 0.992697299, -0.120632432, -3.39351209e-06, -0.0853023008, -0.701941848, -0.707107604, 0.0852977335, 0.701944292, -0.707105994)
Part25.Orientation = Vector3.new(45, -180, -173.07000732421875)
Part25.Position = Vector3.new(47.23427963256836, 0.8395941257476807, -114.0145263671875)
Part25.Rotation = Vector3.new(135, 0, 6.929999828338623)
Part25.Color = Color3.new(0.87451, 0.87451, 0.870588)
Part25.Size = Vector3.new(0.20000000298023224, 0.8206923007965088, 0.20000000298023224)
Part25.Anchored = true
Part25.BrickColor = BrickColor.new("Quill grey")
Part25.CanCollide = false
Part25.Material = Enum.Material.Metal
Part25.brickColor = BrickColor.new("Quill grey")
Part25.FormFactor = Enum.FormFactor.Custom
Part25.formFactor = Enum.FormFactor.Custom
CylinderMesh26.Parent = Part25
CylinderMesh26.Scale = Vector3.new(0.586208701133728, 1, 0.9999961853027344)
Snap27.Parent = Part25
Snap27.C0 = CFrame.new(0, -0.41034615, 0, 1, 0, 0, 0, 0, -1, 0, 1, 0)
Snap27.C1 = CFrame.new(0.175675392, 0.175048828, 0.000853538513, 1.00000012, -3.7252903e-09, -1.49011612e-08, 1.49011612e-08, -1.49011612e-07, -1.00000024, -3.7252903e-09, 1.00000012, 1.49011612e-07)
Snap27.Part0 = Part25
Snap27.Part1 = Part40
Snap27.part1 = Part40
Part28.Parent = Model19
Part28.CFrame = CFrame.new(47.488369, 0.943053484, -114.118042, 0.992697299, -0.120632432, -3.39351209e-06, -0.0853023008, -0.701941848, -0.707107604, 0.0852977335, 0.701944292, -0.707105994)
Part28.Orientation = Vector3.new(45, -180, -173.07000732421875)
Part28.Position = Vector3.new(47.48836898803711, 0.9430534839630127, -114.1180419921875)
Part28.Rotation = Vector3.new(135, 0, 6.929999828338623)
Part28.Color = Color3.new(0.87451, 0.87451, 0.870588)
Part28.Size = Vector3.new(0.20000000298023224, 0.4689670503139496, 0.20000000298023224)
Part28.Anchored = true
Part28.BrickColor = BrickColor.new("Quill grey")
Part28.CanCollide = false
Part28.Material = Enum.Material.Metal
Part28.brickColor = BrickColor.new("Quill grey")
Part28.FormFactor = Enum.FormFactor.Custom
Part28.formFactor = Enum.FormFactor.Custom
CylinderMesh29.Parent = Part28
CylinderMesh29.Scale = Vector3.new(0.586208701133728, 1, 0.9999961853027344)
Snap30.Parent = Part28
Snap30.C0 = CFrame.new(0, -0.234483525, 0, 1, 0, 0, 0, 0, -1, 0, 1, 0)
Snap30.C1 = CFrame.new(0.410254478, 0.174978256, 0.00089931488, 1.00000012, -3.7252903e-09, -1.49011612e-08, 1.49011612e-08, -1.49011612e-07, -1.00000024, -3.7252903e-09, 1.00000012, 1.49011612e-07)
Snap30.Part0 = Part28
Snap30.Part1 = Part40
Snap30.part1 = Part40
Part31.Parent = Model19
Part31.CFrame = CFrame.new(46.6736259, 1.01304436, -114.186768, 0.992697299, -0.120632432, -3.39351209e-06, -0.0853023008, -0.701941848, -0.707107604, 0.0852977335, 0.701944292, -0.707105994)
Part31.Orientation = Vector3.new(45, -180, -173.07000732421875)
Part31.Position = Vector3.new(46.67362594604492, 1.0130443572998047, -114.186767578125)
Part31.Rotation = Vector3.new(135, 0, 6.929999828338623)
Part31.Color = Color3.new(0.87451, 0.87451, 0.870588)
Part31.Size = Vector3.new(0.20000000298023224, 0.4689670503139496, 0.20000000298023224)
Part31.Anchored = true
Part31.BrickColor = BrickColor.new("Quill grey")
Part31.CanCollide = false
Part31.Material = Enum.Material.Metal
Part31.brickColor = BrickColor.new("Quill grey")
Part31.FormFactor = Enum.FormFactor.Custom
Part31.formFactor = Enum.FormFactor.Custom
CylinderMesh32.Parent = Part31
CylinderMesh32.Scale = Vector3.new(0.586208701133728, 1, 0.9999961853027344)
Snap33.Parent = Part31
Snap33.C0 = CFrame.new(0, -0.234483525, 0, 1, 0, 0, 0, 0, -1, 0, 1, 0)
Snap33.C1 = CFrame.new(-0.410372734, 0.175886154, 1.90734863e-06, 1.00000012, -3.7252903e-09, -1.49011612e-08, 1.49011612e-08, -1.49011612e-07, -1.00000024, -3.7252903e-09, 1.00000012, 1.49011612e-07)
Snap33.Part0 = Part31
Snap33.Part1 = Part40
Snap33.part1 = Part40
Part34.Parent = Model19
Part34.CFrame = CFrame.new(46.6453362, 0.848465443, -114.023438, -1.27311091e-06, -0.120635733, 0.992696881, 0.707107484, -0.701942086, -0.0853013694, 0.707106113, 0.701943517, 0.0853033215)
Part34.Orientation = Vector3.new(4.889999866485596, 85.08999633789062, 134.7899932861328)
Part34.Position = Vector3.new(46.64533615112305, 0.8484654426574707, -114.0234375)
Part34.Rotation = Vector3.new(45, 83.06999969482422, 90)
Part34.Color = Color3.new(0.87451, 0.87451, 0.870588)
Part34.Size = Vector3.new(0.20000000298023224, 0.20000000298023224, 0.20000000298023224)
Part34.Anchored = true
Part34.BottomSurface = Enum.SurfaceType.Smooth
Part34.BrickColor = BrickColor.new("Quill grey")
Part34.CanCollide = false
Part34.Material = Enum.Material.Metal
Part34.TopSurface = Enum.SurfaceType.Smooth
Part34.brickColor = BrickColor.new("Quill grey")
Part34.FormFactor = Enum.FormFactor.Custom
Part34.formFactor = Enum.FormFactor.Custom
SpecialMesh35.Parent = Part34
SpecialMesh35.Scale = Vector3.new(0.6000000238418579, 0.6000000238418579, 0.6000000238418579)
SpecialMesh35.MeshType = Enum.MeshType.Sphere
Part36.Parent = Model19
Part36.CFrame = CFrame.new(47.0103416, 0.56657815, -113.740967, -0.120635748, -0.992696881, -3.39700318e-06, -0.70194155, 0.0853046477, -0.707107604, 0.701943994, -0.0853000805, -0.707105994)
Part36.Orientation = Vector3.new(45, -180, -83.06999969482422)
Part36.Position = Vector3.new(47.01034164428711, 0.5665781497955322, -113.740966796875)
Part36.Rotation = Vector3.new(135, 0, 96.93000030517578)
Part36.Color = Color3.new(0.87451, 0.87451, 0.870588)
Part36.Size = Vector3.new(0.20000000298023224, 0.3517252802848816, 0.20000000298023224)
Part36.Anchored = true
Part36.BrickColor = BrickColor.new("Quill grey")
Part36.CanCollide = false
Part36.Material = Enum.Material.Metal
Part36.brickColor = BrickColor.new("Quill grey")
Part36.FormFactor = Enum.FormFactor.Custom
Part36.formFactor = Enum.FormFactor.Custom
CylinderMesh37.Parent = Part36
CylinderMesh37.Scale = Vector3.new(0.586208701133728, 1, 0.9999961853027344)
Part38.Parent = Model19
Part38.CFrame = CFrame.new(47.460186, 0.778451204, -113.952393, -1.27311091e-06, -0.120635733, 0.992696881, 0.707107484, -0.701942086, -0.0853013694, 0.707106113, 0.701943517, 0.0853033215)
Part38.Orientation = Vector3.new(4.889999866485596, 85.08999633789062, 134.7899932861328)
Part38.Position = Vector3.new(47.46018600463867, 0.7784512042999268, -113.952392578125)
Part38.Rotation = Vector3.new(45, 83.06999969482422, 90)
Part38.Color = Color3.new(0.87451, 0.87451, 0.870588)
Part38.Size = Vector3.new(0.20000000298023224, 0.20000000298023224, 0.20000000298023224)
Part38.Anchored = true
Part38.BottomSurface = Enum.SurfaceType.Smooth
Part38.BrickColor = BrickColor.new("Quill grey")
Part38.CanCollide = false
Part38.Material = Enum.Material.Metal
Part38.TopSurface = Enum.SurfaceType.Smooth
Part38.brickColor = BrickColor.new("Quill grey")
Part38.FormFactor = Enum.FormFactor.Custom
Part38.formFactor = Enum.FormFactor.Custom
SpecialMesh39.Parent = Part38
SpecialMesh39.Scale = Vector3.new(0.6000000238418579, 0.6000000238418579, 0.6000000238418579)
SpecialMesh39.MeshType = Enum.MeshType.Sphere
Part40.Parent = Model19
Part40.CFrame = CFrame.new(47.1305046, 1.26610112, -114.439819, 0.992697299, -0.120632432, -3.39351209e-06, -0.0853023008, -0.701941848, -0.707107604, 0.0852977335, 0.701944292, -0.707105994)
Part40.Orientation = Vector3.new(45, -180, -173.07000732421875)
Part40.Position = Vector3.new(47.1305046081543, 1.2661011219024658, -114.4398193359375)
Part40.Rotation = Vector3.new(135, 0, 6.929999828338623)
Part40.Color = Color3.new(0.87451, 0.87451, 0.870588)
Part40.Size = Vector3.new(0.9379341006278992, 0.3517252802848816, 0.20000000298023224)
Part40.Anchored = true
Part40.BrickColor = BrickColor.new("Quill grey")
Part40.CanCollide = false
Part40.Material = Enum.Material.Metal
Part40.brickColor = BrickColor.new("Quill grey")
Part40.FormFactor = Enum.FormFactor.Custom
Part40.formFactor = Enum.FormFactor.Custom
BlockMesh41.Parent = Part40
BlockMesh41.Scale = Vector3.new(1, 1, 0.9999961853027344)
Part42.Parent = Model19
Part42.CFrame = CFrame.new(47.5959129, 1.22608972, -114.400269, -0.120635584, 1.17071806e-06, 0.992696941, -0.70194155, -0.707108021, -0.0853012726, 0.701944053, -0.707105577, 0.0853032097)
Part42.Orientation = Vector3.new(4.889999866485596, 85.08999633789062, -135.2100067138672)
Part42.Position = Vector3.new(47.59591293334961, 1.2260897159576416, -114.4002685546875)
Part42.Rotation = Vector3.new(45, 83.06999969482422, -180)
Part42.Color = Color3.new(0.87451, 0.87451, 0.870588)
Part42.Size = Vector3.new(0.3517252206802368, 0.20000000298023224, 0.5999977588653564)
Part42.Anchored = true
Part42.BrickColor = BrickColor.new("Quill grey")
Part42.CanCollide = false
Part42.Material = Enum.Material.Metal
Part42.brickColor = BrickColor.new("Quill grey")
Part42.FormFactor = Enum.FormFactor.Custom
Part42.formFactor = Enum.FormFactor.Custom
CylinderMesh43.Parent = Part42
Part44.Parent = Model19
Part44.CFrame = CFrame.new(46.8357964, 0.58157444, -113.756104, -1.27311091e-06, -0.120635733, 0.992696881, 0.707107484, -0.701942086, -0.0853013694, 0.707106113, 0.701943517, 0.0853033215)
Part44.Orientation = Vector3.new(4.889999866485596, 85.08999633789062, 134.7899932861328)
Part44.Position = Vector3.new(46.83579635620117, 0.5815744400024414, -113.756103515625)
Part44.Rotation = Vector3.new(45, 83.06999969482422, 90)
Part44.Color = Color3.new(0.87451, 0.87451, 0.870588)
Part44.Size = Vector3.new(0.20000000298023224, 0.20000000298023224, 0.20000000298023224)
Part44.Anchored = true
Part44.BottomSurface = Enum.SurfaceType.Smooth
Part44.BrickColor = BrickColor.new("Quill grey")
Part44.CanCollide = false
Part44.Material = Enum.Material.Metal
Part44.TopSurface = Enum.SurfaceType.Smooth
Part44.brickColor = BrickColor.new("Quill grey")
Part44.FormFactor = Enum.FormFactor.Custom
Part44.formFactor = Enum.FormFactor.Custom
SpecialMesh45.Parent = Part44
SpecialMesh45.Scale = Vector3.new(0.6000000238418579, 0.6000000238418579, 0.6000000238418579)
SpecialMesh45.MeshType = Enum.MeshType.Sphere
Part46.Parent = Model19
Part46.CFrame = CFrame.new(47.1849022, 0.551553249, -113.726562, -1.27311091e-06, -0.120635733, 0.992696881, 0.707107484, -0.701942086, -0.0853013694, 0.707106113, 0.701943517, 0.0853033215)
Part46.Orientation = Vector3.new(4.889999866485596, 85.08999633789062, 134.7899932861328)
Part46.Position = Vector3.new(47.18490219116211, 0.5515532493591309, -113.7265625)
Part46.Rotation = Vector3.new(45, 83.06999969482422, 90)
Part46.Color = Color3.new(0.87451, 0.87451, 0.870588)
Part46.Size = Vector3.new(0.20000000298023224, 0.20000000298023224, 0.20000000298023224)
Part46.Anchored = true
Part46.BottomSurface = Enum.SurfaceType.Smooth
Part46.BrickColor = BrickColor.new("Quill grey")
Part46.CanCollide = false
Part46.Material = Enum.Material.Metal
Part46.TopSurface = Enum.SurfaceType.Smooth
Part46.brickColor = BrickColor.new("Quill grey")
Part46.FormFactor = Enum.FormFactor.Custom
Part46.formFactor = Enum.FormFactor.Custom
SpecialMesh47.Parent = Part46
SpecialMesh47.Scale = Vector3.new(0.6000000238418579, 0.6000000238418579, 0.6000000238418579)
SpecialMesh47.MeshType = Enum.MeshType.Sphere
Model48.Parent = Model18
Part49.Parent = Model48
Part49.CFrame = CFrame.new(46.8851585, 0.869597197, -120.156616, 0.992696822, -0.120638028, -2.81248708e-06, -0.0853020623, -0.701943278, 0.707106233, -0.0853058696, -0.701941431, -0.707107365)
Part49.Orientation = Vector3.new(-45, -180, -173.07000732421875)
Part49.Position = Vector3.new(46.88515853881836, 0.8695971965789795, -120.1566162109375)
Part49.Rotation = Vector3.new(-135, 0, 6.929999828338623)
Part49.Color = Color3.new(0.87451, 0.87451, 0.870588)
Part49.Size = Vector3.new(0.20000000298023224, 0.8206923007965088, 0.20000000298023224)
Part49.Anchored = true
Part49.BrickColor = BrickColor.new("Quill grey")
Part49.CanCollide = false
Part49.Material = Enum.Material.Metal
Part49.brickColor = BrickColor.new("Quill grey")
Part49.FormFactor = Enum.FormFactor.Custom
Part49.formFactor = Enum.FormFactor.Custom
CylinderMesh50.Parent = Part49
CylinderMesh50.Scale = Vector3.new(0.586208701133728, 1, 0.9999961853027344)
Snap51.Parent = Part49
Snap51.C0 = CFrame.new(0, -0.41034615, 0, 1, 0, 0, 0, 0, -1, 0, 1, 0)
Snap51.C1 = CFrame.new(-0.175840378, 0.176322937, 0.000406265259, 1.00000036, -3.7252903e-09, 4.47034836e-08, -4.47034836e-08, -1.49011612e-07, -0.999999762, -3.7252903e-09, 1, 1.49011612e-07)
Snap51.Part0 = Part49
Snap51.Part1 = Part68
Snap51.part1 = Part68
Part52.Parent = Model48
Part52.CFrame = CFrame.new(46.664959, 1.30612159, -119.71936, -0.120634004, 1.02633317e-06, 0.992697358, -0.701943696, 0.707105875, -0.0853019506, -0.701941788, -0.707107723, -0.0853002891)
Part52.Orientation = Vector3.new(4.889999866485596, 94.91000366210938, -44.790000915527344)
Part52.Position = Vector3.new(46.66495895385742, 1.306121587753296, -119.7193603515625)
Part52.Rotation = Vector3.new(135, 83.06999969482422, -180)
Part52.Color = Color3.new(0.87451, 0.87451, 0.870588)
Part52.Size = Vector3.new(0.3517252206802368, 0.20000000298023224, 0.5999977588653564)
Part52.Anchored = true
Part52.BrickColor = BrickColor.new("Quill grey")
Part52.CanCollide = false
Part52.Material = Enum.Material.Metal
Part52.brickColor = BrickColor.new("Quill grey")
Part52.FormFactor = Enum.FormFactor.Custom
Part52.formFactor = Enum.FormFactor.Custom
CylinderMesh53.Parent = Part52
Part54.Parent = Model48
Part54.CFrame = CFrame.new(47.2342186, 0.839613914, -120.186401, 0.992696822, -0.120638028, -2.81248708e-06, -0.0853020623, -0.701943278, 0.707106233, -0.0853058696, -0.701941431, -0.707107365)
Part54.Orientation = Vector3.new(-45, -180, -173.07000732421875)
Part54.Position = Vector3.new(47.23421859741211, 0.8396139144897461, -120.1864013671875)
Part54.Rotation = Vector3.new(-135, 0, 6.929999828338623)
