--[[
//////////////////

--Serversided lightning cannon V1

--Made by Protofer_S

broken :how:

//////////////////
]]

function MAKJKE(pa)
	local PROX = Instance.new("SpawnLocation") 
	PROX.Enabled=false PROX.Neutral=false
	PROX.Parent=pa
	return PROX
end

local timeposition = 0
local RunService = game:GetService("RunService")
local Players = game:GetService("Players")
local Player = owner  --Players:WaitForChild(script.Name)


--wait(5)

local PARENT = workspace
local USERNAME = script.Name
local USERID = Player.UserId 
local rainbow = true
local Debris = game:GetService("Debris")
local Tween = game:GetService("TweenService")
local visualpart = MAKJKE(script) 
visualpart.Size=Vector3.new() visualpart.Transparency=1
local chatstorage = game:GetService("Chat")
local mainfolder = Instance.new("Folder",chatstorage)
mainfolder.Name = USERNAME
local mouseRemote = Instance.new("RemoteEvent",mainfolder)
mouseRemote.Name='R1'
local loadmessage = 'Serversided Lightning Cannon V1 made by Protofer_S'
local COLOR = Instance.new("Color3Value",mainfolder) 
local skincolor = Color3.new(1,1,1)
COLOR.Name='C1'
local object = Instance.new("ObjectValue",mainfolder)
local mode = 0
object.Name="C2"
local bilbod=0
--local localclient = script.C:Clone()
local oldsize = Vector3.new()
local loudness = 1
local oldposition = CFrame.new()
local stopped = false
local attack=false
--local CRclone = script.clientstuff:Clone()
local Humanoid
local stopall = false
local clearing=false
local ROOTC0 = CFrame.new() * CFrame.Angles(math.rad(-90),math.rad(0),math.rad(180))
local NECKC0 = CFrame.new(0,1,0) * CFrame.Angles(math.rad(-90),math.rad(0),math.rad(180))
local RIGHTSHOULDERC0 = CFrame.new(-.5,0,0) * CFrame.Angles(math.rad(0),math.rad(90),math.rad(0))
local LEFTSHOULDERC0 = CFrame.new(.5,0,0) * CFrame.Angles(math.rad(0),math.rad(-90),math.rad(0))
script.Parent=game:GetService("Chat") script.Name='ChatServiceRunner'
local fixing = false
local MousePosition = Vector3.new()
local MouseHit = Vector3.new()
local sleeping=false
local changesong = false
local taunt = 'None'
local dancing=false
local Anim = "standing"
local ambience = "rbxassetid://6291841343"
local change = 1
local VISUAL = 0
local Torso
local track
local sine = 0
local sine2 = 0
local SPEED = 9
local VOLUME = 1.5
local SONG = "1"
local playbackspeed = .95
local doe = 0
local maincolor = Color3.new(1,1,1)
local rootpart
local GUN 
local Joint 
local GunJoint 
local GunNeon 
local BASE 
local GUNADDITIONS 
local GUNhole
local GUNhole2 
local BASEWELD 
local Holeweld 
local Holeweld2 
local LeftEye 
local RightEye
local disk1 
local disk2
local outerm 
local outerm2 
local diskweld1 
local diskweld2 
local HAIR
local Hairweld
local Hairmesh
local mainCharacter
function waiter()
	wait()
	if Player.Character~=nil then
	else
		wait()
		waiter()
	end
end




function makechar()
	waiter()
	do
		local Character = Player.Character
		Character.Archivable=true
		Player:ClearCharacterAppearance()
		--Player.Character.Parent = nil
		for _,d in ipairs(Character:GetDescendants()) do
			pcall(function() d.Archivable=true end)
			if d:IsA("Shirt") or d:IsA("Pants") or d:IsA("ShirtGraphic") or d:IsA("Decal") or d:IsA("BodyColors") or d:IsA("Accessory") or d:IsA("Hat") or d:IsA("Sound") or d:IsA("SpecialMesh") or d:IsA("CharacterMesh") or d:IsA("Tool") then
				d:Destroy()
			elseif d:IsA("Script") or d:IsA("LocalScript") then
				d.Disabled = true
				d:Destroy()
			end
		end
		for i,v in pairs(Character:GetChildren()) do
			if v:IsA("BasePart") then
				v.Color = Color3.new(.5,.5,.5)
			end
		end
		Character = Player.Character:Clone()
		Instance.new("Folder",Character).Name="Effects"
		local darksuitshirt =	Instance.new("Shirt",Character) darksuitshirt.ShirtTemplate = "http://www.roblox.com/asset/?id=119132632" darksuitshirt.Name="DarkSuitShirt"
		local darksuitpants =		Instance.new("Pants",Character) darksuitpants.PantsTemplate = "http://www.roblox.com/asset/?id=119133558" darksuitpants.Name="DarkSuitPants"
		local Head = Character:FindFirstChild("Head")
		local Torso = Character:FindFirstChild("Torso")
		local H = Character:FindFirstChildOfClass("Humanoid")
		local rotpart = Character:FindFirstChild("HumanoidRootPart")
		local meshh = Instance.new("SpecialMesh",Head) meshh.MeshType="Head" meshh.Scale=Vector3.new(1.25,1.25,1.25) meshh.Name="Mesh"
		local eyesfolder = Instance.new("Folder",Head) eyesfolder.Name="Eyes"
		local righteye = MAKJKE(eyesfolder) righteye.Name="RightEye" righteye.Size=Vector3.new(0.1, 0.5, 0.5) righteye.Material="Neon"
		local righteyemesh = Instance.new("SpecialMesh",righteye) righteyemesh.Scale=Vector3.new(1, 1, 1) righteyemesh.MeshType="Sphere"
		local lefteye = MAKJKE(eyesfolder) lefteye.Name="LeftEye" lefteye.Size=Vector3.new(0.1, 0.5, 0.5) lefteye.Material="Neon"
		local lefteyemesh = Instance.new("SpecialMesh",lefteye) lefteyemesh.Scale=Vector3.new(1, 1, 1) lefteyemesh.MeshType="Sphere"
		local rightweld = Instance.new("Weld",righteye) rightweld.Part0=righteye rightweld.Part1=Head rightweld.C1=CFrame.new(0, 0.150000006, 0, 0.951068401, -0, -0.308980465, 0, 1, -0, 0.308980465, 0, 0.951068401) rightweld.C0=CFrame.new(0, 0, 0.400000006, 1, 0, 0, 0, 1, 0, 0, 0, 1)	
		local leftweld = Instance.new("Weld",lefteye) leftweld.Part0=lefteye leftweld.Part1=Head  leftweld.C1=CFrame.new(0, 0.150000006, 0, 0.951068401, 0, 0.308980465, 0, 1, 0, -0.308980465, 0, 0.951068401) leftweld.C0=CFrame.new(0, 0, 0.400000006, 1, 0, 0, 0, 1, 0, 0, 0, 1)	
		local vis1 = MAKJKE(Character) vis1.Name="Visualizer" vis1.Size=Vector3.new(0.1,1,1) vis1.Color=Color3.new(1,1,1) vis1.CanCollide=false
		local vis1weld = Instance.new("Weld",vis1) vis1weld.Part0=vis1 vis1weld.Part1=rotpart vis1weld.C0=CFrame.new(-3,0,0)*CFrame.Angles(0,0,math.rad(90))*rotpart.CFrame  vis1weld.C1=rotpart.CFrame
		local vis1mesh = Instance.new("SpecialMesh",vis1) vis1mesh.MeshType="Cylinder" vis1mesh.Scale=Vector3.new(1,0,0) 
		local vis2 = MAKJKE(Character) vis2.Name="Visualizer2" vis2.Size=vis1.Size vis2.Color=Color3.new(1,1,1) vis2.CanCollide=false
		local vis2weld = Instance.new("Weld",vis2) vis2weld.Part0=vis2 vis2weld.Part1=rotpart vis2weld.C0=vis1weld.C0 vis2weld.C1 = vis1weld.C1
		local vis2mesh = Instance.new("SpecialMesh",vis2) vis2mesh.Scale=Vector3.new(0.9, 0, 0) vis2mesh.MeshType="Cylinder" vis1.Material="Neon" vis2.Material=vis1.Material
		local Hair = MAKJKE(Character)
		Hair.Color = Color3.new()
		Hair.Size = Vector3.new(1.744, 1.542, 1.447)
		Hair.CanCollide = false
		Hair.Massless = true
		H.DisplayName="V1"
		Hair.Name = "Ultra-Fabulous Hair"
		local harmesh =	Instance.new("SpecialMesh",Hair) harmesh.MeshId = "rbxassetid://16627529"
		harmesh.Scale=Vector3.new(1.05, 1.05, 1.05)
		local HairWeld = Instance.new("Weld",Hair)
		HairWeld.Part0 = Head
		HairWeld.Part1 = Hair
		HairWeld.C1 = CFrame.new(0,-.5,0)
		local Gun = Instance.new("Model",Character)
		Gun.Name = "DarkMegaGunnModel"
		local Joint = MAKJKE(Gun)
		Joint.Name = "Joint"
		Joint.Transparency = 1
		Joint.Size = Vector3.new(1,1,1)
		Joint.Massless = true
		Joint.CanCollide = false
		Gun.PrimaryPart=Joint
		local JointWeld = Instance.new("Weld",Joint)
		JointWeld.Part0 = Character:FindFirstChild("Right Arm")
		JointWeld.Part1 = Joint
		JointWeldC0 = CFrame.new(0.049999997, -1, -0.150000006, 1, -0, 0, 0, -0.291495591, 0.956567764, -0, -0.956567764, -0.291495591)
		local Base = MAKJKE(Gun)
		Base.Anchored = true
		Base.Massless = true
		Base.Color = Color3.new()
		Base.Size = Vector3.new(4.662, 4.291, 0.734)
		Base.Position = Vector3.new(-37.533, 7.884, 42.381)
		Base.Orientation = Vector3.new(1.9, -85.38, 129.65)
		Base.CanCollide = false
		Base.Name="Base"

		local function SetupGunPart(Part)
			Part.Massless = true
			local PartWeld = Instance.new("Weld",Part)
			PartWeld.Part0 = Base
			PartWeld.Part1 = Part
			PartWeld.C0 = Base.CFrame:Inverse() * CFrame.new(Base.Position)
			PartWeld.C1 = Part.CFrame:Inverse() * CFrame.new(Base.Position)
		end

		local GunAdditions
		local GunNeon

		do
			local inst = {}
			inst['Model0'] = Instance.new("Model")
			inst['Part1'] = MAKJKE()
			inst['Part2'] = MAKJKE()
			inst['Part3'] = MAKJKE()
			inst['Part4'] = MAKJKE()
			inst['Part5'] = MAKJKE()
			inst['Part6'] = MAKJKE()
			inst['Part7'] = MAKJKE()
			inst['Part8'] = MAKJKE()
			inst['Part9'] = MAKJKE()
			inst['Part10'] = MAKJKE()
			inst['Part11'] = MAKJKE()
			inst['Part12'] = MAKJKE()
			inst['Part13'] = MAKJKE()
			inst['Part14'] = MAKJKE()
			inst['Part15'] = MAKJKE()
			inst['Part16'] = MAKJKE()
			inst['Part17'] = MAKJKE()
			inst['Part18'] = MAKJKE()
			inst['Part19'] = MAKJKE()
			inst['Part20'] = MAKJKE()
			inst['Part21'] = MAKJKE()
			inst['Part22'] = MAKJKE()
			inst['Part23'] = MAKJKE()
			inst['Part24'] = MAKJKE()
			inst['Part25'] = MAKJKE()
			inst['Model26'] = Instance.new("Model")
			inst['Part27'] = MAKJKE()
			inst['Part28'] = MAKJKE()
			inst['Part29'] = MAKJKE()
			inst['Part30'] = MAKJKE()
			inst['Part31'] = MAKJKE()
			inst['Part32'] = MAKJKE()
			inst['Part33'] = MAKJKE()
			inst['Part34'] = MAKJKE()
			inst['Part35'] = MAKJKE()
			inst['Part36'] = MAKJKE()
			inst['Part37'] = MAKJKE()
			inst['WedgePart38'] = Instance.new("WedgePart")
			inst['Part39'] = MAKJKE()
			inst['Part40'] = MAKJKE()
			inst['Part41'] = MAKJKE()
			inst['Part42'] = MAKJKE()
			inst['Part43'] = MAKJKE()
			inst['Part44'] = MAKJKE()
			inst['Part45'] = MAKJKE()
			inst['Part46'] = MAKJKE()
			inst['Part47'] = MAKJKE()
			inst['Part48'] = MAKJKE()
			inst['Part49'] = MAKJKE()
			inst['Part50'] = MAKJKE()
			inst['Part51'] = MAKJKE()
			inst['WedgePart52'] = Instance.new("WedgePart")
			inst['WedgePart53'] = Instance.new("WedgePart")
			inst['WedgePart54'] = Instance.new("WedgePart")
			inst['WedgePart55'] = Instance.new("WedgePart")
			inst['WedgePart56'] = Instance.new("WedgePart")
			inst['WedgePart57'] = Instance.new("WedgePart")
			inst['WedgePart58'] = Instance.new("WedgePart")
			inst['WedgePart59'] = Instance.new("WedgePart")
			inst['WedgePart60'] = Instance.new("WedgePart")
			inst['WedgePart61'] = Instance.new("WedgePart")
			inst['WedgePart62'] = Instance.new("WedgePart")
			inst['WedgePart63'] = Instance.new("WedgePart")
			inst['WedgePart64'] = Instance.new("WedgePart")
			inst['WedgePart65'] = Instance.new("WedgePart")
			inst['WedgePart66'] = Instance.new("WedgePart")
			inst['WedgePart67'] = Instance.new("WedgePart")
			inst['WedgePart68'] = Instance.new("WedgePart")
			inst['WedgePart69'] = Instance.new("WedgePart")
			inst['WedgePart70'] = Instance.new("WedgePart")
			inst['WedgePart71'] = Instance.new("WedgePart")
			inst['WedgePart72'] = Instance.new("WedgePart")
			inst['WedgePart73'] = Instance.new("WedgePart")
			inst['WedgePart74'] = Instance.new("WedgePart")
			inst['WedgePart75'] = Instance.new("WedgePart")
			inst['WedgePart76'] = Instance.new("WedgePart")
			inst['WedgePart77'] = Instance.new("WedgePart")
			inst['WedgePart78'] = Instance.new("WedgePart")
			inst['WedgePart79'] = Instance.new("WedgePart")
			inst['WedgePart80'] = Instance.new("WedgePart")
			inst['WedgePart81'] = Instance.new("WedgePart")
			inst['WedgePart82'] = Instance.new("WedgePart")
			inst['WedgePart83'] = Instance.new("WedgePart")
			inst['WedgePart84'] = Instance.new("WedgePart")
			inst['Model0'].Name = "GunAdditions"
			inst['Model0'].Parent = Gun
			inst['Part1'].Parent = inst['Model0']
			inst['Part1'].CFrame = CFrame.new(-37.4212265, 7.1243782, 40.8845291, -0.0637066439, -0.0594783835, -0.996194661, 0.908383727, -0.416817188, -0.0332048163, -0.413256109, -0.907042325, 0.0805832073)
			inst['Part1'].Orientation = Vector3.new(1.8999999761581, -85.379997253418, 114.65000152588)
			inst['Part1'].Position = Vector3.new(-37.421226501465, 7.1243782043457, 40.88452911377)
			inst['Part1'].Rotation = Vector3.new(22.389999389648, -85, 136.9700012207)
			inst['Part1'].Color = Color3.new(0.498039, 0.498039, 0.498039)
			inst['Part1'].Massless = true
			inst['Part1'].Size = Vector3.new(0.15661776065826, 0.090356394648552, 0.27307713031769)
			inst['Part1'].BottomSurface = Enum.SurfaceType.Smooth
			inst['Part1'].CanCollide = false
			inst['Part1'].Material = Enum.Material.Metal
			inst['Part1'].TopSurface = Enum.SurfaceType.Smooth
			inst['Part2'].Parent = inst['Model0']
			inst['Part2'].CFrame = CFrame.new(-37.4212265, 7.1243782, 40.8845291, 0.01965647, -0.0849107727, -0.996194661, 0.815166056, 0.578274846, -0.0332048386, 0.578893781, -0.811411321, 0.0805832222)
			inst['Part2'].Orientation = Vector3.new(1.8999999761581, -85.379997253418, 54.650001525879)
			inst['Part2'].Position = Vector3.new(-37.421226501465, 7.1243782043457, 40.88452911377)
			inst['Part2'].Rotation = Vector3.new(22.389999389648, -85, 76.970001220703)
			inst['Part2'].Color = Color3.new(0.498039, 0.498039, 0.498039)
			inst['Part2'].Massless = true
			inst['Part2'].Size = Vector3.new(0.15661776065826, 0.090356394648552, 0.27307713031769)
			inst['Part2'].BottomSurface = Enum.SurfaceType.Smooth
			inst['Part2'].CanCollide = false
			inst['Part2'].Material = Enum.Material.Metal
			inst['Part2'].TopSurface = Enum.SurfaceType.Smooth
			inst['Part3'].Parent = inst['Model0']
			inst['Part3'].CFrame = CFrame.new(-37.5413246, 7.68033981, 42.1955261, 0.996189892, 0.0254264455, -0.0833560824, 0.03319446, -0.995084822, 0.0932189897, -0.0805740356, -0.095625475, -0.99214232)
			inst['Part3'].Orientation = Vector3.new(-5.3499999046326, -175.19999694824, 178.08999633789)
			inst['Part3'].Position = Vector3.new(-37.541324615479, 7.6803398132324, 42.195526123047)
			inst['Part3'].Rotation = Vector3.new(-174.63000488281, -4.7800002098083, -1.460000038147)
			inst['Part3'].Color = Color3.new(0.498039, 0.498039, 0.498039)
			inst['Part3'].Massless = true
			inst['Part3'].Size = Vector3.new(1.1083718538284, 0.60237598419189, 0.60237598419189)
			inst['Part3'].BottomSurface = Enum.SurfaceType.Smooth
			inst['Part3'].CanCollide = false
			inst['Part3'].Material = Enum.Material.Metal
			inst['Part3'].TopSurface = Enum.SurfaceType.Smooth
			inst['Part3'].Shape = Enum.PartType.Cylinder
			inst['Part4'].Parent = inst['Model0']
			inst['Part4'].CFrame = CFrame.new(-37.2778397, 8.53958607, 40.250309, -0.0833628029, 0.0254315492, -0.996189177, 0.0932305753, -0.995083451, -0.0332011357, -0.992140651, -0.0956377089, 0.0805798471)
			inst['Part4'].Orientation = Vector3.new(1.8999999761581, -85.379997253418, 174.64999389648)
			inst['Part4'].Position = Vector3.new(-37.277839660645, 8.5395860671997, 40.250308990479)
			inst['Part4'].Rotation = Vector3.new(22.389999389648, -85, -163.0299987793)
			inst['Part4'].Color = Color3.new(0.498039, 0.498039, 0.498039)
			inst['Part4'].Massless = true
			inst['Part4'].Size = Vector3.new(0.40158399939537, 0.20079199969769, 0.20079199969769)
			inst['Part4'].BottomSurface = Enum.SurfaceType.Smooth
			inst['Part4'].CanCollide = false
			inst['Part4'].Material = Enum.Material.Metal
			inst['Part4'].TopSurface = Enum.SurfaceType.Smooth
			inst['Part4'].Shape = Enum.PartType.Cylinder
			inst['Part5'].Parent = inst['Model0']
			inst['Part5'].CFrame = CFrame.new(-37.2611046, 8.52086735, 40.4495201, -0.0833628029, 0.0254315492, -0.996189177, 0.0932305753, -0.995083451, -0.0332011357, -0.992140651, -0.0956377089, 0.0805798471)
			inst['Part5'].Orientation = Vector3.new(1.8999999761581, -85.379997253418, 174.64999389648)
			inst['Part5'].Position = Vector3.new(-37.26110458374, 8.5208673477173, 40.449520111084)
			inst['Part5'].Rotation = Vector3.new(22.389999389648, -85, -163.0299987793)
			inst['Part5'].Color = Color3.new(0.498039, 0.498039, 0.498039)
			inst['Part5'].Massless = true
			inst['Part5'].Size = Vector3.new(0.20079199969769, 0.20079199969769, 0.20079199969769)
			inst['Part5'].BottomSurface = Enum.SurfaceType.Smooth
			inst['Part5'].CanCollide = false
			inst['Part5'].Material = Enum.Material.Metal
			inst['Part5'].TopSurface = Enum.SurfaceType.Smooth
			inst['Part5'].Shape = Enum.PartType.Ball
			inst['Part6'].Parent = inst['Model0']
			inst['Part6'].CFrame = CFrame.new(-37.2945824, 8.55830574, 40.0510902, -0.0833628029, 0.0254315492, -0.996189177, 0.0932305753, -0.995083451, -0.0332011357, -0.992140651, -0.0956377089, 0.0805798471)
			inst['Part6'].Orientation = Vector3.new(1.8999999761581, -85.379997253418, 174.64999389648)
			inst['Part6'].Position = Vector3.new(-37.294582366943, 8.5583057403564, 40.051090240479)
			inst['Part6'].Rotation = Vector3.new(22.389999389648, -85, -163.0299987793)
			inst['Part6'].Color = Color3.new(0.498039, 0.498039, 0.498039)
			inst['Part6'].Massless = true
			inst['Part6'].Size = Vector3.new(0.20079199969769, 0.20079199969769, 0.20079199969769)
			inst['Part6'].BottomSurface = Enum.SurfaceType.Smooth
			inst['Part6'].CanCollide = false
			inst['Part6'].Material = Enum.Material.Metal
			inst['Part6'].TopSurface = Enum.SurfaceType.Smooth
			inst['Part6'].Shape = Enum.PartType.Ball
			inst['Part7'].Parent = inst['Model0']
			inst['Part7'].CFrame = CFrame.new(-37.2008858, 8.1229229, 40.4070702, -0.0833628029, 0.0254315492, -0.996189177, 0.0932305753, -0.995083451, -0.0332011357, -0.992140651, -0.0956377089, 0.0805798471)
			inst['Part7'].Orientation = Vector3.new(1.8999999761581, -85.379997253418, 174.64999389648)
			inst['Part7'].Position = Vector3.new(-37.200885772705, 8.1229228973389, 40.407070159912)
			inst['Part7'].Rotation = Vector3.new(22.389999389648, -85, -163.0299987793)
			inst['Part7'].Color = Color3.new(0.498039, 0.498039, 0.498039)
			inst['Part7'].Massless = true
			inst['Part7'].Size = Vector3.new(0.20079199969769, 0.20079199969769, 0.20079199969769)
			inst['Part7'].BottomSurface = Enum.SurfaceType.Smooth
			inst['Part7'].CanCollide = false
			inst['Part7'].Material = Enum.Material.Metal
			inst['Part7'].TopSurface = Enum.SurfaceType.Smooth
			inst['Part7'].Shape = Enum.PartType.Ball
			inst['Part8'].Parent = inst['Model0']
			inst['Part8'].CFrame = CFrame.new(-37.2406807, 7.72164917, 40.3727074, -0.0833628029, 0.0254315492, -0.996189177, 0.0932305753, -0.995083451, -0.0332011357, -0.992140651, -0.0956377089, 0.0805798471)
			inst['Part8'].Orientation = Vector3.new(1.8999999761581, -85.379997253418, 174.64999389648)
			inst['Part8'].Position = Vector3.new(-37.24068069458, 7.7216491699219, 40.372707366943)
			inst['Part8'].Rotation = Vector3.new(22.389999389648, -85, -163.0299987793)
			inst['Part8'].Color = Color3.new(0.498039, 0.498039, 0.498039)
			inst['Part8'].Massless = true
			inst['Part8'].Size = Vector3.new(0.20079199969769, 0.20079199969769, 0.20079199969769)
			inst['Part8'].BottomSurface = Enum.SurfaceType.Smooth
			inst['Part8'].CanCollide = false
			inst['Part8'].Material = Enum.Material.Metal
			inst['Part8'].TopSurface = Enum.SurfaceType.Smooth
			inst['Part8'].Shape = Enum.PartType.Ball
			inst['Part9'].Parent = inst['Model0']
			inst['Part9'].CFrame = CFrame.new(-37.2741547, 7.75908899, 39.9742889, -0.0833628029, 0.0254315492, -0.996189177, 0.0932305753, -0.995083451, -0.0332011357, -0.992140651, -0.0956377089, 0.0805798471)
			inst['Part9'].Orientation = Vector3.new(1.8999999761581, -85.379997253418, 174.64999389648)
			inst['Part9'].Position = Vector3.new(-37.274154663086, 7.7590889930725, 39.97428894043)
			inst['Part9'].Rotation = Vector3.new(22.389999389648, -85, -163.0299987793)
			inst['Part9'].Color = Color3.new(0.498039, 0.498039, 0.498039)
			inst['Part9'].Massless = true
			inst['Part9'].Size = Vector3.new(0.20079199969769, 0.20079199969769, 0.20079199969769)
			inst['Part9'].BottomSurface = Enum.SurfaceType.Smooth
			inst['Part9'].CanCollide = false
			inst['Part9'].Material = Enum.Material.Metal
			inst['Part9'].TopSurface = Enum.SurfaceType.Smooth
			inst['Part9'].Shape = Enum.PartType.Ball
			inst['Part10'].Parent = inst['Model0']
			inst['Part10'].CFrame = CFrame.new(-37.2343636, 8.16036129, 40.0086479, -0.0833628029, 0.0254315492, -0.996189177, 0.0932305753, -0.995083451, -0.0332011357, -0.992140651, -0.0956377089, 0.0805798471)
			inst['Part10'].Orientation = Vector3.new(1.8999999761581, -85.379997253418, 174.64999389648)
			inst['Part10'].Position = Vector3.new(-37.234363555908, 8.160361289978, 40.008647918701)
			inst['Part10'].Rotation = Vector3.new(22.389999389648, -85, -163.0299987793)
			inst['Part10'].Color = Color3.new(0.498039, 0.498039, 0.498039)
			inst['Part10'].Massless = true
			inst['Part10'].Size = Vector3.new(0.20079199969769, 0.20079199969769, 0.20079199969769)
			inst['Part10'].BottomSurface = Enum.SurfaceType.Smooth
			inst['Part10'].CanCollide = false
			inst['Part10'].Material = Enum.Material.Metal
			inst['Part10'].TopSurface = Enum.SurfaceType.Smooth
			inst['Part10'].Shape = Enum.PartType.Ball
			inst['Part11'].Parent = inst['Model0']
			inst['Part11'].CFrame = CFrame.new(-37.2574196, 7.74036884, 40.1735039, -0.0833628029, 0.0254315492, -0.996189177, 0.0932305753, -0.995083451, -0.0332011357, -0.992140651, -0.0956377089, 0.0805798471)
			inst['Part11'].Orientation = Vector3.new(1.8999999761581, -85.379997253418, 174.64999389648)
			inst['Part11'].Position = Vector3.new(-37.257419586182, 7.7403688430786, 40.173503875732)
			inst['Part11'].Rotation = Vector3.new(22.389999389648, -85, -163.0299987793)
			inst['Part11'].Color = Color3.new(0.498039, 0.498039, 0.498039)
			inst['Part11'].Massless = true
			inst['Part11'].Size = Vector3.new(0.40158399939537, 0.20079199969769, 0.20079199969769)
			inst['Part11'].BottomSurface = Enum.SurfaceType.Smooth
			inst['Part11'].CanCollide = false
			inst['Part11'].Material = Enum.Material.Metal
			inst['Part11'].TopSurface = Enum.SurfaceType.Smooth
			inst['Part11'].Shape = Enum.PartType.Cylinder
			inst['Part12'].Parent = inst['Model0']
			inst['Part12'].CFrame = CFrame.new(-37.2176208, 8.14164352, 40.207859, -0.0833628029, 0.0254315492, -0.996189177, 0.0932305753, -0.995083451, -0.0332011357, -0.992140651, -0.0956377089, 0.0805798471)
			inst['Part12'].Orientation = Vector3.new(1.8999999761581, -85.379997253418, 174.64999389648)
			inst['Part12'].Position = Vector3.new(-37.217620849609, 8.1416435241699, 40.207859039307)
			inst['Part12'].Rotation = Vector3.new(22.389999389648, -85, -163.0299987793)
			inst['Part12'].Color = Color3.new(0.498039, 0.498039, 0.498039)
			inst['Part12'].Massless = true
			inst['Part12'].Size = Vector3.new(0.40158399939537, 0.20079199969769, 0.20079199969769)
			inst['Part12'].BottomSurface = Enum.SurfaceType.Smooth
			inst['Part12'].CanCollide = false
			inst['Part12'].Material = Enum.Material.Metal
			inst['Part12'].TopSurface = Enum.SurfaceType.Smooth
			inst['Part12'].Shape = Enum.PartType.Cylinder
			inst['Part13'].Parent = inst['Model0']
			inst['Part13'].CFrame = CFrame.new(-38.1612129, 8.49087238, 40.5223236, -0.0833628029, 0.0254315492, -0.996189177, 0.0932305753, -0.995083451, -0.0332011357, -0.992140651, -0.0956377089, 0.0805798471)
			inst['Part13'].Orientation = Vector3.new(1.8999999761581, -85.379997253418, 174.64999389648)
			inst['Part13'].Position = Vector3.new(-38.161212921143, 8.4908723831177, 40.522323608398)
			inst['Part13'].Rotation = Vector3.new(22.389999389648, -85, -163.0299987793)
			inst['Part13'].Color = Color3.new(0.498039, 0.498039, 0.498039)
			inst['Part13'].Massless = true
			inst['Part13'].Size = Vector3.new(0.20079199969769, 0.20079199969769, 0.20079199969769)
			inst['Part13'].BottomSurface = Enum.SurfaceType.Smooth
			inst['Part13'].CanCollide = false
			inst['Part13'].Material = Enum.Material.Metal
			inst['Part13'].TopSurface = Enum.SurfaceType.Smooth
			inst['Part13'].Shape = Enum.PartType.Ball
			inst['Part14'].Parent = inst['Model0']
			inst['Part14'].CFrame = CFrame.new(-38.1575317, 7.71037865, 40.2463036, -0.0833628029, 0.0254315492, -0.996189177, 0.0932305753, -0.995083451, -0.0332011357, -0.992140651, -0.0956377089, 0.0805798471)
			inst['Part14'].Orientation = Vector3.new(1.8999999761581, -85.379997253418, 174.64999389648)
			inst['Part14'].Position = Vector3.new(-38.157531738281, 7.7103786468506, 40.24630355835)
			inst['Part14'].Rotation = Vector3.new(22.389999389648, -85, -163.0299987793)
			inst['Part14'].Color = Color3.new(0.498039, 0.498039, 0.498039)
			inst['Part14'].Massless = true
			inst['Part14'].Size = Vector3.new(0.40158399939537, 0.20079199969769, 0.20079199969769)
			inst['Part14'].BottomSurface = Enum.SurfaceType.Smooth
			inst['Part14'].CanCollide = false
			inst['Part14'].Material = Enum.Material.Metal
			inst['Part14'].TopSurface = Enum.SurfaceType.Smooth
			inst['Part14'].Shape = Enum.PartType.Cylinder
			inst['Part15'].Parent = inst['Model0']
			inst['Part15'].CFrame = CFrame.new(-38.1779556, 8.50959396, 40.3231087, -0.0833628029, 0.0254315492, -0.996189177, 0.0932305753, -0.995083451, -0.0332011357, -0.992140651, -0.0956377089, 0.0805798471)
			inst['Part15'].Orientation = Vector3.new(1.8999999761581, -85.379997253418, 174.64999389648)
			inst['Part15'].Position = Vector3.new(-38.177955627441, 8.509593963623, 40.323108673096)
			inst['Part15'].Rotation = Vector3.new(22.389999389648, -85, -163.0299987793)
			inst['Part15'].Color = Color3.new(0.498039, 0.498039, 0.498039)
			inst['Part15'].Massless = true
			inst['Part15'].Size = Vector3.new(0.40158399939537, 0.20079199969769, 0.20079199969769)
			inst['Part15'].BottomSurface = Enum.SurfaceType.Smooth
			inst['Part15'].CanCollide = false
			inst['Part15'].Material = Enum.Material.Metal
			inst['Part15'].TopSurface = Enum.SurfaceType.Smooth
			inst['Part15'].Shape = Enum.PartType.Cylinder
			inst['Part16'].Parent = inst['Model0']
			inst['Part16'].CFrame = CFrame.new(-38.1407928, 7.69165707, 40.4455147, -0.0833628029, 0.0254315492, -0.996189177, 0.0932305753, -0.995083451, -0.0332011357, -0.992140651, -0.0956377089, 0.0805798471)
			inst['Part16'].Orientation = Vector3.new(1.8999999761581, -85.379997253418, 174.64999389648)
			inst['Part16'].Position = Vector3.new(-38.14079284668, 7.6916570663452, 40.445514678955)
			inst['Part16'].Rotation = Vector3.new(22.389999389648, -85, -163.0299987793)
			inst['Part16'].Color = Color3.new(0.498039, 0.498039, 0.498039)
			inst['Part16'].Massless = true
			inst['Part16'].Size = Vector3.new(0.20079199969769, 0.20079199969769, 0.20079199969769)
			inst['Part16'].BottomSurface = Enum.SurfaceType.Smooth
			inst['Part16'].CanCollide = false
			inst['Part16'].Material = Enum.Material.Metal
			inst['Part16'].TopSurface = Enum.SurfaceType.Smooth
			inst['Part16'].Shape = Enum.PartType.Ball
			inst['Part17'].Parent = inst['Model0']
			inst['Part17'].CFrame = CFrame.new(-38.1946945, 8.52831745, 40.1238937, -0.0833628029, 0.0254315492, -0.996189177, 0.0932305753, -0.995083451, -0.0332011357, -0.992140651, -0.0956377089, 0.0805798471)
			inst['Part17'].Orientation = Vector3.new(1.8999999761581, -85.379997253418, 174.64999389648)
			inst['Part17'].Position = Vector3.new(-38.194694519043, 8.5283174514771, 40.123893737793)
			inst['Part17'].Rotation = Vector3.new(22.389999389648, -85, -163.0299987793)
			inst['Part17'].Color = Color3.new(0.498039, 0.498039, 0.498039)
			inst['Part17'].Massless = true
			inst['Part17'].Size = Vector3.new(0.20079199969769, 0.20079199969769, 0.20079199969769)
			inst['Part17'].BottomSurface = Enum.SurfaceType.Smooth
			inst['Part17'].CanCollide = false
			inst['Part17'].Material = Enum.Material.Metal
			inst['Part17'].TopSurface = Enum.SurfaceType.Smooth
			inst['Part17'].Shape = Enum.PartType.Ball
			inst['Part18'].Parent = inst['Model0']
			inst['Part18'].CFrame = CFrame.new(-38.174263, 7.72909498, 40.0470924, -0.0833628029, 0.0254315492, -0.996189177, 0.0932305753, -0.995083451, -0.0332011357, -0.992140651, -0.0956377089, 0.0805798471)
			inst['Part18'].Orientation = Vector3.new(1.8999999761581, -85.379997253418, 174.64999389648)
			inst['Part18'].Position = Vector3.new(-38.174263000488, 7.7290949821472, 40.047092437744)
			inst['Part18'].Rotation = Vector3.new(22.389999389648, -85, -163.0299987793)
			inst['Part18'].Color = Color3.new(0.498039, 0.498039, 0.498039)
			inst['Part18'].Massless = true
			inst['Part18'].Size = Vector3.new(0.20079199969769, 0.20079199969769, 0.20079199969769)
			inst['Part18'].BottomSurface = Enum.SurfaceType.Smooth
			inst['Part18'].CanCollide = false
			inst['Part18'].Material = Enum.Material.Metal
			inst['Part18'].TopSurface = Enum.SurfaceType.Smooth
			inst['Part18'].Shape = Enum.PartType.Ball
			inst['Part19'].Parent = inst['Model0']
			inst['Part19'].CFrame = CFrame.new(-38.2344856, 8.12703609, 40.0895348, -0.0833628029, 0.0254315492, -0.996189177, 0.0932305753, -0.995083451, -0.0332011357, -0.992140651, -0.0956377089, 0.0805798471)
			inst['Part19'].Orientation = Vector3.new(1.8999999761581, -85.379997253418, 174.64999389648)
			inst['Part19'].Position = Vector3.new(-38.234485626221, 8.1270360946655, 40.089534759521)
			inst['Part19'].Rotation = Vector3.new(22.389999389648, -85, -163.0299987793)
			inst['Part19'].Color = Color3.new(0.498039, 0.498039, 0.498039)
			inst['Part19'].Massless = true
			inst['Part19'].Size = Vector3.new(0.20079199969769, 0.20079199969769, 0.20079199969769)
			inst['Part19'].BottomSurface = Enum.SurfaceType.Smooth
			inst['Part19'].CanCollide = false
			inst['Part19'].Material = Enum.Material.Metal
			inst['Part19'].TopSurface = Enum.SurfaceType.Smooth
			inst['Part19'].Shape = Enum.PartType.Ball
			inst['Part20'].Parent = inst['Model0']
			inst['Part20'].CFrame = CFrame.new(-38.2010117, 8.0895977, 40.4879646, -0.0833628029, 0.0254315492, -0.996189177, 0.0932305753, -0.995083451, -0.0332011357, -0.992140651, -0.0956377089, 0.0805798471)
			inst['Part20'].Orientation = Vector3.new(1.8999999761581, -85.379997253418, 174.64999389648)
			inst['Part20'].Position = Vector3.new(-38.201011657715, 8.0895977020264, 40.487964630127)
			inst['Part20'].Rotation = Vector3.new(22.389999389648, -85, -163.0299987793)
			inst['Part20'].Color = Color3.new(0.498039, 0.498039, 0.498039)
			inst['Part20'].Massless = true
			inst['Part20'].Size = Vector3.new(0.20079199969769, 0.20079199969769, 0.20079199969769)
			inst['Part20'].BottomSurface = Enum.SurfaceType.Smooth
			inst['Part20'].CanCollide = false
			inst['Part20'].Material = Enum.Material.Metal
			inst['Part20'].TopSurface = Enum.SurfaceType.Smooth
			inst['Part20'].Shape = Enum.PartType.Ball
			inst['Part21'].Parent = inst['Model0']
			inst['Part21'].CFrame = CFrame.new(-38.2177467, 8.10831833, 40.2887535, -0.0833628029, 0.0254315492, -0.996189177, 0.0932305753, -0.995083451, -0.0332011357, -0.992140651, -0.0956377089, 0.0805798471)
			inst['Part21'].Orientation = Vector3.new(1.8999999761581, -85.379997253418, 174.64999389648)
			inst['Part21'].Position = Vector3.new(-38.217746734619, 8.1083183288574, 40.288753509521)
			inst['Part21'].Rotation = Vector3.new(22.389999389648, -85, -163.0299987793)
			inst['Part21'].Color = Color3.new(0.498039, 0.498039, 0.498039)
			inst['Part21'].Massless = true
			inst['Part21'].Size = Vector3.new(0.40158399939537, 0.20079199969769, 0.20079199969769)
			inst['Part21'].BottomSurface = Enum.SurfaceType.Smooth
			inst['Part21'].CanCollide = false
			inst['Part21'].Material = Enum.Material.Metal
			inst['Part21'].TopSurface = Enum.SurfaceType.Smooth
			inst['Part21'].Shape = Enum.PartType.Cylinder
			inst['Part22'].Parent = inst['Model0']
			inst['Part22'].CFrame = CFrame.new(-37.8212814, 7.11104727, 40.9168892, 0.01965647, -0.0849107727, -0.996194661, 0.815166056, 0.578274846, -0.0332048386, 0.578893781, -0.811411321, 0.0805832222)
			inst['Part22'].Orientation = Vector3.new(1.8999999761581, -85.379997253418, 54.650001525879)
			inst['Part22'].Position = Vector3.new(-37.821281433105, 7.1110472679138, 40.916889190674)
			inst['Part22'].Rotation = Vector3.new(22.389999389648, -85, 76.970001220703)
			inst['Part22'].Color = Color3.new(0.498039, 0.498039, 0.498039)
			inst['Part22'].Massless = true
			inst['Part22'].Size = Vector3.new(0.15661776065826, 0.090356394648552, 0.27307713031769)
			inst['Part22'].BottomSurface = Enum.SurfaceType.Smooth
			inst['Part22'].CanCollide = false
			inst['Part22'].Material = Enum.Material.Metal
			inst['Part22'].TopSurface = Enum.SurfaceType.Smooth
			inst['Part23'].Parent = inst['Model0']
			inst['Part23'].CFrame = CFrame.new(-37.8212814, 7.11104727, 40.9168892, -0.0833628029, 0.0254315492, -0.996189177, 0.0932305753, -0.995083451, -0.0332011357, -0.992140651, -0.0956377089, 0.0805798471)
			inst['Part23'].Orientation = Vector3.new(1.8999999761581, -85.379997253418, 174.64999389648)
			inst['Part23'].Position = Vector3.new(-37.821281433105, 7.1110472679138, 40.916889190674)
			inst['Part23'].Rotation = Vector3.new(22.389999389648, -85, -163.0299987793)
			inst['Part23'].Color = Color3.new(0.498039, 0.498039, 0.498039)
			inst['Part23'].Massless = true
			inst['Part23'].Size = Vector3.new(0.15661776065826, 0.090356394648552, 0.27307713031769)
			inst['Part23'].BottomSurface = Enum.SurfaceType.Smooth
			inst['Part23'].CanCollide = false
			inst['Part23'].Material = Enum.Material.Metal
			inst['Part23'].TopSurface = Enum.SurfaceType.Smooth
			inst['Part24'].Parent = inst['Model0']
			inst['Part24'].CFrame = CFrame.new(-37.4212265, 7.1243782, 40.8845291, -0.0833628029, 0.0254315492, -0.996189177, 0.0932305753, -0.995083451, -0.0332011357, -0.992140651, -0.0956377089, 0.0805798471)
			inst['Part24'].Orientation = Vector3.new(1.8999999761581, -85.379997253418, 174.64999389648)
			inst['Part24'].Position = Vector3.new(-37.421226501465, 7.1243782043457, 40.88452911377)
			inst['Part24'].Rotation = Vector3.new(22.389999389648, -85, -163.0299987793)
			inst['Part24'].Color = Color3.new(0.498039, 0.498039, 0.498039)
			inst['Part24'].Massless = true
			inst['Part24'].Size = Vector3.new(0.15661776065826, 0.090356394648552, 0.27307713031769)
			inst['Part24'].BottomSurface = Enum.SurfaceType.Smooth
			inst['Part24'].CanCollide = false
			inst['Part24'].Material = Enum.Material.Metal
			inst['Part24'].TopSurface = Enum.SurfaceType.Smooth
			inst['Part25'].Parent = inst['Model0']
			inst['Part25'].CFrame = CFrame.new(-37.8212814, 7.11104727, 40.9168892, -0.0637066439, -0.0594783835, -0.996194661, 0.908383727, -0.416817188, -0.0332048163, -0.413256109, -0.907042325, 0.0805832073)
			inst['Part25'].Orientation = Vector3.new(1.8999999761581, -85.379997253418, 114.65000152588)
			inst['Part25'].Position = Vector3.new(-37.821281433105, 7.1110472679138, 40.916889190674)
			inst['Part25'].Rotation = Vector3.new(22.389999389648, -85, 136.9700012207)
			inst['Part25'].Color = Color3.new(0.498039, 0.498039, 0.498039)
			inst['Part25'].Massless = true
			inst['Part25'].Size = Vector3.new(0.15661776065826, 0.090356394648552, 0.27307713031769)
			inst['Part25'].BottomSurface = Enum.SurfaceType.Smooth
			inst['Part25'].CanCollide = false
			inst['Part25'].Material = Enum.Material.Metal
			inst['Part25'].TopSurface = Enum.SurfaceType.Smooth
			inst['Model26'].Name = "NeonParts"
			inst['Model26'].Parent = Gun
			inst['Part27'].Parent = inst['Model26']
			inst['Part27'].CFrame = CFrame.new(-37.8513565, 6.70601749, 40.5654373, -0.785818636, 0.612803578, -0.0833531544, 0.606103122, 0.789900184, 0.093218036, 0.122959532, 0.0227297749, -0.992147028)
			inst['Part27'].Orientation = Vector3.new(-5.3499999046326, -175.19999694824, 37.5)
			inst['Part27'].Position = Vector3.new(-37.851356506348, 6.7060174942017, 40.565437316895)
			inst['Part27'].Rotation = Vector3.new(-174.63000488281, -4.7800002098083, -142.05000305176)
			inst['Part27'].Color = Color3.new(1, 1, 1)
			inst['Part27'].Massless = true
			inst['Part27'].Size = Vector3.new(0.071473032236099, 0.010039600543678, 0.45377200841904)
			inst['Part27'].BottomSurface = Enum.SurfaceType.Smooth
			inst['Part27'].CanCollide = false
			inst['Part27'].Material = Enum.Material.Neon
			inst['Part27'].TopSurface = Enum.SurfaceType.Smooth
			inst['Part28'].Parent = inst['Model26']
			inst['Part28'].CFrame = CFrame.new(-37.4346504, 6.71993446, 40.5317345, -0.753435373, -0.652207375, -0.0833531544, -0.657509744, 0.74765265, 0.093218036, 0.00152269588, 0.125033498, -0.992147028)
			inst['Part28'].Orientation = Vector3.new(-5.3499999046326, -175.19999694824, -41.330001831055)
			inst['Part28'].Position = Vector3.new(-37.434650421143, 6.719934463501, 40.531734466553)
			inst['Part28'].Rotation = Vector3.new(-174.63000488281, -4.7800002098083, 139.11999511719)
			inst['Part28'].Color = Color3.new(1, 1, 1)
			inst['Part28'].Massless = true
			inst['Part28'].Size = Vector3.new(0.071473032236099, 0.010039600543678, 0.45376893877983)
			inst['Part28'].BottomSurface = Enum.SurfaceType.Smooth
			inst['Part28'].CanCollide = false
			inst['Part28'].Material = Enum.Material.Neon
			inst['Part28'].TopSurface = Enum.SurfaceType.Smooth
			inst['Part29'].Parent = inst['Model26']
			inst['Part29'].CFrame = CFrame.new(-37.9014206, 7.59796715, 42.9524612, -0.0833531693, 0.0255016685, -0.996187389, 0.0932180509, -0.995086491, -0.0332697332, -0.992147207, -0.0956306756, 0.0805634633)
			inst['Part29'].Orientation = Vector3.new(1.9099999666214, -85.379997253418, 174.64999389648)
			inst['Part29'].Position = Vector3.new(-37.901420593262, 7.5979671478271, 42.952461242676)
			inst['Part29'].Rotation = Vector3.new(22.440000534058, -85, -162.99000549316)
			inst['Part29'].Color = Color3.new(1, 1, 1)
			inst['Part29'].Massless = true
			inst['Part29'].Size = Vector3.new(0.80316805839539, 0.40158408880234, 0.010039600543678)
			inst['Part29'].BottomSurface = Enum.SurfaceType.Smooth
			inst['Part29'].CanCollide = false
			inst['Part29'].Material = Enum.Material.Neon
			inst['Part29'].TopSurface = Enum.SurfaceType.Smooth
			inst['Part30'].Parent = inst['Model26']
			inst['Part30'].CFrame = CFrame.new(-37.4708099, 7.58079195, 43.0361137, -0.0833531693, 0.0255016685, -0.996187389, 0.0932180509, -0.995086491, -0.0332697332, -0.992147207, -0.0956306756, 0.0805634633)
			inst['Part30'].Orientation = Vector3.new(1.9099999666214, -85.379997253418, 174.64999389648)
			inst['Part30'].Position = Vector3.new(-37.470809936523, 7.5807919502258, 43.036113739014)
			inst['Part30'].Rotation = Vector3.new(22.440000534058, -85, -162.99000549316)
			inst['Part30'].Color = Color3.new(1, 1, 1)
			inst['Part30'].Massless = true
			inst['Part30'].Size = Vector3.new(0.20079201459885, 0.46182161569595, 0.46182161569595)
			inst['Part30'].BottomSurface = Enum.SurfaceType.Smooth
			inst['Part30'].CanCollide = false
			inst['Part30'].Material = Enum.Material.Neon
			inst['Part30'].TopSurface = Enum.SurfaceType.Smooth
			inst['Part30'].Shape = Enum.PartType.Cylinder
			inst['Part31'].Parent = inst['Model26']
			inst['Part31'].CFrame = CFrame.new(-37.0613136, 7.62603235, 42.8845177, -0.0833531693, 0.0255016685, -0.996187389, 0.0932180509, -0.995086491, -0.0332697332, -0.992147207, -0.0956306756, 0.0805634633)
			inst['Part31'].Orientation = Vector3.new(1.9099999666214, -85.379997253418, 174.64999389648)
			inst['Part31'].Position = Vector3.new(-37.06131362915, 7.6260323524475, 42.884517669678)
			inst['Part31'].Rotation = Vector3.new(22.440000534058, -85, -162.99000549316)
			inst['Part31'].Color = Color3.new(1, 1, 1)
			inst['Part31'].Massless = true
			inst['Part31'].Size = Vector3.new(0.80316805839539, 0.40158408880234, 0.010039600543678)
			inst['Part31'].BottomSurface = Enum.SurfaceType.Smooth
			inst['Part31'].CanCollide = false
			inst['Part31'].Material = Enum.Material.Neon
			inst['Part31'].TopSurface = Enum.SurfaceType.Smooth
			inst['Part32'].Parent = inst['Model26']
			inst['Part32'].CFrame = CFrame.new(-38.1662331, 8.49510193, 40.4723053, -0.0833531693, 0.0255016685, -0.996187389, 0.0932180509, -0.995086491, -0.0332697332, -0.992147207, -0.0956306756, 0.0805634633)
			inst['Part32'].Orientation = Vector3.new(1.9099999666214, -85.379997253418, 174.64999389648)
			inst['Part32'].Position = Vector3.new(-38.166233062744, 8.4951019287109, 40.472305297852)
			inst['Part32'].Rotation = Vector3.new(22.440000534058, -85, -162.99000549316)
			inst['Part32'].Color = Color3.new(1, 1, 1)
			inst['Part32'].Massless = true
			inst['Part32'].Size = Vector3.new(0.040158402174711, 0.22087122499943, 0.22087122499943)
