
function sandbox(var,func)
	local env = getfenv(func)
	local newenv = setmetatable({},{
		__index = function(self,k)
			if k=="script" then
				return var
			else
				return env[k]
			end
		end,
	})
	setfenv(func,newenv)
	return func
end
cors = {}
mas = Instance.new("Model",game:GetService("Lighting"))
Model0 = Instance.new("Model")
Model1 = Instance.new("Model")
Part2 = Instance.new("Part")
Part3 = Instance.new("Part")
WedgePart4 = Instance.new("WedgePart")
Part5 = Instance.new("Part")
Part6 = Instance.new("Part")
Part7 = Instance.new("Part")
WedgePart8 = Instance.new("WedgePart")
WedgePart9 = Instance.new("WedgePart")
WedgePart10 = Instance.new("WedgePart")
WedgePart11 = Instance.new("WedgePart")
WedgePart12 = Instance.new("WedgePart")
WedgePart13 = Instance.new("WedgePart")
Part14 = Instance.new("Part")
Part15 = Instance.new("Part")
Part16 = Instance.new("Part")
WedgePart17 = Instance.new("WedgePart")
Model18 = Instance.new("Model")
Model19 = Instance.new("Model")
Part20 = Instance.new("Part")
CylinderMesh21 = Instance.new("CylinderMesh")
Snap22 = Instance.new("Snap")
Part23 = Instance.new("Part")
CylinderMesh24 = Instance.new("CylinderMesh")
Part25 = Instance.new("Part")
CylinderMesh26 = Instance.new("CylinderMesh")
Snap27 = Instance.new("Snap")
Part28 = Instance.new("Part")
CylinderMesh29 = Instance.new("CylinderMesh")
Snap30 = Instance.new("Snap")
Part31 = Instance.new("Part")
CylinderMesh32 = Instance.new("CylinderMesh")
Snap33 = Instance.new("Snap")
Part34 = Instance.new("Part")
SpecialMesh35 = Instance.new("SpecialMesh")
Part36 = Instance.new("Part")
CylinderMesh37 = Instance.new("CylinderMesh")
Part38 = Instance.new("Part")
SpecialMesh39 = Instance.new("SpecialMesh")
Part40 = Instance.new("Part")
BlockMesh41 = Instance.new("BlockMesh")
Part42 = Instance.new("Part")
CylinderMesh43 = Instance.new("CylinderMesh")
Part44 = Instance.new("Part")
SpecialMesh45 = Instance.new("SpecialMesh")
Part46 = Instance.new("Part")
SpecialMesh47 = Instance.new("SpecialMesh")
Model48 = Instance.new("Model")
Part49 = Instance.new("Part")
CylinderMesh50 = Instance.new("CylinderMesh")
Part51 = Instance.new("Part")
CylinderMesh52 = Instance.new("CylinderMesh")
Part53 = Instance.new("Part")
CylinderMesh54 = Instance.new("CylinderMesh")
Part55 = Instance.new("Part")
CylinderMesh56 = Instance.new("CylinderMesh")
Part57 = Instance.new("Part")
CylinderMesh58 = Instance.new("CylinderMesh")
Part59 = Instance.new("Part")
SpecialMesh60 = Instance.new("SpecialMesh")
Part61 = Instance.new("Part")
CylinderMesh62 = Instance.new("CylinderMesh")
Part63 = Instance.new("Part")
SpecialMesh64 = Instance.new("SpecialMesh")
Part65 = Instance.new("Part")
BlockMesh66 = Instance.new("BlockMesh")
Snap67 = Instance.new("Snap")
Snap68 = Instance.new("Snap")
Snap69 = Instance.new("Snap")
Snap70 = Instance.new("Snap")
Part71 = Instance.new("Part")
CylinderMesh72 = Instance.new("CylinderMesh")
Part73 = Instance.new("Part")
SpecialMesh74 = Instance.new("SpecialMesh")
Part75 = Instance.new("Part")
SpecialMesh76 = Instance.new("SpecialMesh")
Model77 = Instance.new("Model")
Part78 = Instance.new("Part")
CylinderMesh79 = Instance.new("CylinderMesh")
Snap80 = Instance.new("Snap")
Part81 = Instance.new("Part")
CylinderMesh82 = Instance.new("CylinderMesh")
Part83 = Instance.new("Part")
CylinderMesh84 = Instance.new("CylinderMesh")
Snap85 = Instance.new("Snap")
Part86 = Instance.new("Part")
CylinderMesh87 = Instance.new("CylinderMesh")
Snap88 = Instance.new("Snap")
Part89 = Instance.new("Part")
CylinderMesh90 = Instance.new("CylinderMesh")
Part91 = Instance.new("Part")
SpecialMesh92 = Instance.new("SpecialMesh")
Part93 = Instance.new("Part")
CylinderMesh94 = Instance.new("CylinderMesh")
Part95 = Instance.new("Part")
SpecialMesh96 = Instance.new("SpecialMesh")
Part97 = Instance.new("Part")
BlockMesh98 = Instance.new("BlockMesh")
Snap99 = Instance.new("Snap")
Part100 = Instance.new("Part")
CylinderMesh101 = Instance.new("CylinderMesh")
Part102 = Instance.new("Part")
SpecialMesh103 = Instance.new("SpecialMesh")
Part104 = Instance.new("Part")
SpecialMesh105 = Instance.new("SpecialMesh")
Model106 = Instance.new("Model")
Part107 = Instance.new("Part")
CylinderMesh108 = Instance.new("CylinderMesh")
Snap109 = Instance.new("Snap")
Part110 = Instance.new("Part")
CylinderMesh111 = Instance.new("CylinderMesh")
Part112 = Instance.new("Part")
CylinderMesh113 = Instance.new("CylinderMesh")
Snap114 = Instance.new("Snap")
Part115 = Instance.new("Part")
CylinderMesh116 = Instance.new("CylinderMesh")
Snap117 = Instance.new("Snap")
Part118 = Instance.new("Part")
CylinderMesh119 = Instance.new("CylinderMesh")
Snap120 = Instance.new("Snap")
Part121 = Instance.new("Part")
SpecialMesh122 = Instance.new("SpecialMesh")
Part123 = Instance.new("Part")
CylinderMesh124 = Instance.new("CylinderMesh")
Part125 = Instance.new("Part")
SpecialMesh126 = Instance.new("SpecialMesh")
Part127 = Instance.new("Part")
BlockMesh128 = Instance.new("BlockMesh")
Part129 = Instance.new("Part")
CylinderMesh130 = Instance.new("CylinderMesh")
Part131 = Instance.new("Part")
SpecialMesh132 = Instance.new("SpecialMesh")
Part133 = Instance.new("Part")
SpecialMesh134 = Instance.new("SpecialMesh")
Model135 = Instance.new("Model")
Part136 = Instance.new("Part")
Part137 = Instance.new("Part")
Part138 = Instance.new("Part")
CylinderMesh139 = Instance.new("CylinderMesh")
Part140 = Instance.new("Part")
Part141 = Instance.new("Part")
CylinderMesh142 = Instance.new("CylinderMesh")
Part143 = Instance.new("Part")
CylinderMesh144 = Instance.new("CylinderMesh")
Part145 = Instance.new("Part")
Part146 = Instance.new("Part")
CylinderMesh147 = Instance.new("CylinderMesh")
Part148 = Instance.new("Part")
CylinderMesh149 = Instance.new("CylinderMesh")
Part150 = Instance.new("Part")
Part151 = Instance.new("Part")
Part152 = Instance.new("Part")
Part153 = Instance.new("Part")
CylinderMesh154 = Instance.new("CylinderMesh")
Part155 = Instance.new("Part")
CylinderMesh156 = Instance.new("CylinderMesh")
Part157 = Instance.new("Part")
CylinderMesh158 = Instance.new("CylinderMesh")
Part159 = Instance.new("Part")
CylinderMesh160 = Instance.new("CylinderMesh")
Part161 = Instance.new("Part")
Part162 = Instance.new("Part")
Part163 = Instance.new("Part")
CylinderMesh164 = Instance.new("CylinderMesh")
Part165 = Instance.new("Part")
CylinderMesh166 = Instance.new("CylinderMesh")
Part167 = Instance.new("Part")
Part168 = Instance.new("Part")
Part169 = Instance.new("Part")
Part170 = Instance.new("Part")
Part171 = Instance.new("Part")
Part172 = Instance.new("Part")
Part173 = Instance.new("Part")
Part174 = Instance.new("Part")
Part175 = Instance.new("Part")
Part176 = Instance.new("Part")
CylinderMesh177 = Instance.new("CylinderMesh")
Part178 = Instance.new("Part")
Part179 = Instance.new("Part")
Part180 = Instance.new("Part")
Part181 = Instance.new("Part")
Part182 = Instance.new("Part")
CylinderMesh183 = Instance.new("CylinderMesh")
Part184 = Instance.new("Part")
CylinderMesh185 = Instance.new("CylinderMesh")
Part186 = Instance.new("Part")
CylinderMesh187 = Instance.new("CylinderMesh")
Part188 = Instance.new("Part")
Part189 = Instance.new("Part")
CylinderMesh190 = Instance.new("CylinderMesh")
Part191 = Instance.new("Part")
Model192 = Instance.new("Model")
Part193 = Instance.new("Part")
CylinderMesh194 = Instance.new("CylinderMesh")
Part195 = Instance.new("Part")
CylinderMesh196 = Instance.new("CylinderMesh")
Part197 = Instance.new("Part")
CylinderMesh198 = Instance.new("CylinderMesh")
Part199 = Instance.new("Part")
CylinderMesh200 = Instance.new("CylinderMesh")
Part201 = Instance.new("Part")
CylinderMesh202 = Instance.new("CylinderMesh")
Part203 = Instance.new("Part")
CylinderMesh204 = Instance.new("CylinderMesh")
Part205 = Instance.new("Part")
CylinderMesh206 = Instance.new("CylinderMesh")
Part207 = Instance.new("Part")
CylinderMesh208 = Instance.new("CylinderMesh")
Part209 = Instance.new("Part")
CylinderMesh210 = Instance.new("CylinderMesh")
Part211 = Instance.new("Part")
CylinderMesh212 = Instance.new("CylinderMesh")
Part213 = Instance.new("Part")
CylinderMesh214 = Instance.new("CylinderMesh")
Part215 = Instance.new("Part")
CylinderMesh216 = Instance.new("CylinderMesh")
Part217 = Instance.new("Part")
CylinderMesh218 = Instance.new("CylinderMesh")
Part219 = Instance.new("Part")
CylinderMesh220 = Instance.new("CylinderMesh")
Part221 = Instance.new("Part")
CylinderMesh222 = Instance.new("CylinderMesh")
Part223 = Instance.new("Part")
CylinderMesh224 = Instance.new("CylinderMesh")
Part225 = Instance.new("Part")
CylinderMesh226 = Instance.new("CylinderMesh")
Part227 = Instance.new("Part")
CylinderMesh228 = Instance.new("CylinderMesh")
Part229 = Instance.new("Part")
CylinderMesh230 = Instance.new("CylinderMesh")
Part231 = Instance.new("Part")
CylinderMesh232 = Instance.new("CylinderMesh")
Part233 = Instance.new("Part")
CylinderMesh234 = Instance.new("CylinderMesh")
Part235 = Instance.new("Part")
CylinderMesh236 = Instance.new("CylinderMesh")
Part237 = Instance.new("Part")
CylinderMesh238 = Instance.new("CylinderMesh")
Part239 = Instance.new("Part")
CylinderMesh240 = Instance.new("CylinderMesh")
Model241 = Instance.new("Model")
Part242 = Instance.new("Part")
CylinderMesh243 = Instance.new("CylinderMesh")
Part244 = Instance.new("Part")
SpecialMesh245 = Instance.new("SpecialMesh")
SpotLight246 = Instance.new("SpotLight")
Part247 = Instance.new("Part")
CylinderMesh248 = Instance.new("CylinderMesh")
Part249 = Instance.new("Part")
SpecialMesh250 = Instance.new("SpecialMesh")
SpotLight251 = Instance.new("SpotLight")
Part252 = Instance.new("Part")
CylinderMesh253 = Instance.new("CylinderMesh")
Part254 = Instance.new("Part")
SpecialMesh255 = Instance.new("SpecialMesh")
SpotLight256 = Instance.new("SpotLight")
Part257 = Instance.new("Part")
SpecialMesh258 = Instance.new("SpecialMesh")
SpotLight259 = Instance.new("SpotLight")
Part260 = Instance.new("Part")
CylinderMesh261 = Instance.new("CylinderMesh")
Model262 = Instance.new("Model")
Part263 = Instance.new("Part")
CylinderMesh264 = Instance.new("CylinderMesh")
Part265 = Instance.new("Part")
SpecialMesh266 = Instance.new("SpecialMesh")
UnionOperation267 = Instance.new("UnionOperation")
Script268 = Instance.new("Script")
Sky269 = Instance.new("Sky")
Sound270 = Instance.new("Sound")
Script271 = Instance.new("Script")
Script272 = Instance.new("Script")
Model0.Name = "Supernova Atomic Bomb"
Model0.Parent = mas
Model1.Name = "Tail"
Model1.Parent = Model0
Part2.Parent = Model1
Part2.CFrame = CFrame.new(-97.8506927, 4.00000668, -43.2082901, 1, 0, 0, 0, -0.707105815, -0.707107842, 0, 0.707107842, -0.707105815)
Part2.Orientation = Vector3.new(45, 180, 180)
Part2.Position = Vector3.new(-97.85069274902344, 4.000006675720215, -43.208290100097656)
Part2.Rotation = Vector3.new(135, 0, 0)
Part2.Color = Color3.new(0, 1, 1)
Part2.Size = Vector3.new(4.400000095367432, 0.20000000298023224, 10.600000381469727)
Part2.BottomSurface = Enum.SurfaceType.Smooth
Part2.BrickColor = BrickColor.new("Toothpaste")
Part2.Material = Enum.Material.Metal
Part2.TopSurface = Enum.SurfaceType.Smooth
Part2.brickColor = BrickColor.new("Toothpaste")
Part2.FormFactor = Enum.FormFactor.Symmetric
Part2.formFactor = Enum.FormFactor.Symmetric
Part3.Parent = Model1
Part3.CFrame = CFrame.new(-97.850708, 3.99999857, -47.0087051, 1, 0, 0, 0, -1, 0, 0, 0, -1)
Part3.Orientation = Vector3.new(0, 180, 180)
Part3.Position = Vector3.new(-97.8507080078125, 3.9999985694885254, -47.008705139160156)
Part3.Rotation = Vector3.new(-180, 0, 0)
Part3.Color = Color3.new(0, 1, 1)
Part3.Size = Vector3.new(4.400000095367432, 7.400000095367432, 0.20000000298023224)
Part3.BottomSurface = Enum.SurfaceType.Smooth
Part3.BrickColor = BrickColor.new("Toothpaste")
Part3.Material = Enum.Material.Metal
Part3.TopSurface = Enum.SurfaceType.Smooth
Part3.brickColor = BrickColor.new("Toothpaste")
Part3.FormFactor = Enum.FormFactor.Symmetric
Part3.formFactor = Enum.FormFactor.Symmetric
WedgePart4.Parent = Model1
WedgePart4.CFrame = CFrame.new(-101.550537, 4.00000668, -45.8085098, 0, 0, 1, -1, 0, 0, 0, -1, 0)
WedgePart4.Orientation = Vector3.new(0, 90, -90)
WedgePart4.Position = Vector3.new(-101.550537109375, 4.000006675720215, -45.808509826660156)
WedgePart4.Rotation = Vector3.new(-90, 90, 0)
WedgePart4.Color = Color3.new(0, 1, 1)
WedgePart4.Size = Vector3.new(0.20000000298023224, 2.1999998092651367, 3)
WedgePart4.BrickColor = BrickColor.new("Toothpaste")
WedgePart4.Material = Enum.Material.Metal
WedgePart4.brickColor = BrickColor.new("Toothpaste")
WedgePart4.FormFactor = Enum.FormFactor.Symmetric
WedgePart4.formFactor = Enum.FormFactor.Symmetric
Part5.Parent = Model1
Part5.CFrame = CFrame.new(-97.8506927, 7.80000162, -43.2082901, 1, 0, 0, 0, -1, 0, 0, 0, -1)
Part5.Orientation = Vector3.new(0, 180, 180)
Part5.Position = Vector3.new(-97.85069274902344, 7.800001621246338, -43.208290100097656)
Part5.Rotation = Vector3.new(-180, 0, 0)
Part5.Color = Color3.new(0, 1, 1)
Part5.Size = Vector3.new(4.400000095367432, 0.20000000298023224, 7.800000190734863)
Part5.BottomSurface = Enum.SurfaceType.Smooth
Part5.BrickColor = BrickColor.new("Toothpaste")
Part5.Material = Enum.Material.Metal
Part5.TopSurface = Enum.SurfaceType.Smooth
Part5.brickColor = BrickColor.new("Toothpaste")
Part5.FormFactor = Enum.FormFactor.Symmetric
Part5.formFactor = Enum.FormFactor.Symmetric
Part6.Parent = Model1
Part6.CFrame = CFrame.new(-97.8506927, 4.00000668, -43.2082901, 1, 0, 0, 0, 0.707107842, -0.707105815, 0, 0.707105815, 0.707107842)
Part6.Orientation = Vector3.new(45, 0, 0)
Part6.Position = Vector3.new(-97.85069274902344, 4.000006675720215, -43.208290100097656)
Part6.Rotation = Vector3.new(45, 0, 0)
Part6.Color = Color3.new(0, 1, 1)
Part6.Size = Vector3.new(4.400000095367432, 0.20000000298023224, 10.600000381469727)
Part6.BottomSurface = Enum.SurfaceType.Smooth
Part6.BrickColor = BrickColor.new("Toothpaste")
Part6.Material = Enum.Material.Metal
Part6.TopSurface = Enum.SurfaceType.Smooth
Part6.brickColor = BrickColor.new("Toothpaste")
Part6.FormFactor = Enum.FormFactor.Symmetric
Part6.formFactor = Enum.FormFactor.Symmetric
Part7.Parent = Model1
Part7.CFrame = CFrame.new(-97.8506927, 4.00000668, -43.2082901, 1, 0, 0, 0, 0, -1, 0, 1, 0)
Part7.Orientation = Vector3.new(90, 0, 0)
Part7.Position = Vector3.new(-97.85069274902344, 4.000006675720215, -43.208290100097656)
Part7.Rotation = Vector3.new(90, 0, 0)
Part7.Color = Color3.new(0, 1, 1)
Part7.Size = Vector3.new(4.400000095367432, 0.20000000298023224, 7.400000095367432)
Part7.BottomSurface = Enum.SurfaceType.Smooth
Part7.BrickColor = BrickColor.new("Toothpaste")
Part7.Material = Enum.Material.Metal
Part7.TopSurface = Enum.SurfaceType.Smooth
Part7.brickColor = BrickColor.new("Toothpaste")
Part7.FormFactor = Enum.FormFactor.Symmetric
Part7.formFactor = Enum.FormFactor.Symmetric
WedgePart8.Parent = Model1
WedgePart8.CFrame = CFrame.new(-101.550522, 2.16154361, -41.3697891, 0, 0, 1, 0.707107842, -0.707105815, 0, 0.707105815, 0.707107842, 0)
WedgePart8.Orientation = Vector3.new(0, 90, 135)
WedgePart8.Position = Vector3.new(-101.55052185058594, 2.161543607711792, -41.369789123535156)
WedgePart8.Rotation = Vector3.new(135, 90, 0)
WedgePart8.Color = Color3.new(0, 1, 1)
WedgePart8.Size = Vector3.new(0.20000000298023224, 2.1999998092651367, 3)
WedgePart8.BrickColor = BrickColor.new("Toothpaste")
WedgePart8.Material = Enum.Material.Metal
WedgePart8.brickColor = BrickColor.new("Toothpaste")
WedgePart8.FormFactor = Enum.FormFactor.Symmetric
WedgePart8.formFactor = Enum.FormFactor.Symmetric
WedgePart9.Parent = Model1
WedgePart9.CFrame = CFrame.new(-101.550537, 5.83845377, -45.0459366, 0, 0, 1, -0.707107842, 0.707105815, 0, -0.707105815, -0.707107842, 0)
WedgePart9.Orientation = Vector3.new(0, 90, -45)
WedgePart9.Position = Vector3.new(-101.550537109375, 5.838453769683838, -45.045936584472656)
WedgePart9.Rotation = Vector3.new(-45, 90, 0)
WedgePart9.Color = Color3.new(0, 1, 1)
WedgePart9.Size = Vector3.new(0.20000000298023224, 2.1999998092651367, 3)
WedgePart9.BrickColor = BrickColor.new("Toothpaste")
WedgePart9.Material = Enum.Material.Metal
WedgePart9.brickColor = BrickColor.new("Toothpaste")
WedgePart9.FormFactor = Enum.FormFactor.Symmetric
WedgePart9.formFactor = Enum.FormFactor.Symmetric
WedgePart10.Parent = Model1
WedgePart10.CFrame = CFrame.new(-101.550537, 6.59997416, -43.2082901, 0, 0, 1, 0, 1, -0, -1, 0, 0)
WedgePart10.Orientation = Vector3.new(0, 90, 0)
WedgePart10.Position = Vector3.new(-101.550537109375, 6.599974155426025, -43.208290100097656)
WedgePart10.Rotation = Vector3.new(0, 90, 0)
WedgePart10.Color = Color3.new(0, 1, 1)
WedgePart10.Size = Vector3.new(0.20000000298023224, 2.1999998092651367, 3)
WedgePart10.BrickColor = BrickColor.new("Toothpaste")
WedgePart10.Material = Enum.Material.Metal
WedgePart10.brickColor = BrickColor.new("Toothpaste")
WedgePart10.FormFactor = Enum.FormFactor.Symmetric
WedgePart10.formFactor = Enum.FormFactor.Symmetric
WedgePart11.Parent = Model1
WedgePart11.CFrame = CFrame.new(-101.550522, 1.40001512, -43.2082901, 0, 0, 1, 0, -1, 0, 1, 0, -0)
WedgePart11.Orientation = Vector3.new(0, 90, 180)
WedgePart11.Position = Vector3.new(-101.55052185058594, 1.400015115737915, -43.208290100097656)
WedgePart11.Rotation = Vector3.new(180, 90, 0)
WedgePart11.Color = Color3.new(0, 1, 1)
WedgePart11.Size = Vector3.new(0.20000000298023224, 2.1999998092651367, 3)
WedgePart11.BrickColor = BrickColor.new("Toothpaste")
WedgePart11.Material = Enum.Material.Metal
WedgePart11.brickColor = BrickColor.new("Toothpaste")
WedgePart11.FormFactor = Enum.FormFactor.Symmetric
WedgePart11.formFactor = Enum.FormFactor.Symmetric
WedgePart12.Parent = Model1
WedgePart12.CFrame = CFrame.new(-101.550522, 5.83845377, -41.3697891, 0, 0, 1, 0.707105815, 0.707107842, 0, -0.707107842, 0.707105815, 0)
WedgePart12.Orientation = Vector3.new(0, 90, 45)
WedgePart12.Position = Vector3.new(-101.55052185058594, 5.838453769683838, -41.369789123535156)
WedgePart12.Rotation = Vector3.new(45, 90, 0)
WedgePart12.Color = Color3.new(0, 1, 1)
WedgePart12.Size = Vector3.new(0.20000000298023224, 2.1999998092651367, 3)
WedgePart12.BrickColor = BrickColor.new("Toothpaste")
WedgePart12.Material = Enum.Material.Metal
WedgePart12.brickColor = BrickColor.new("Toothpaste")
WedgePart12.FormFactor = Enum.FormFactor.Symmetric
WedgePart12.formFactor = Enum.FormFactor.Symmetric
WedgePart13.Parent = Model1
WedgePart13.CFrame = CFrame.new(-101.550552, 2.16155124, -45.0459366, 0, 0, 1, -0.707105815, -0.707107842, 0, 0.707107842, -0.707105815, 0)
WedgePart13.Orientation = Vector3.new(0, 90, -135)
WedgePart13.Position = Vector3.new(-101.55055236816406, 2.1615512371063232, -45.045936584472656)
WedgePart13.Rotation = Vector3.new(-135, 90, 0)
WedgePart13.Color = Color3.new(0, 1, 1)
WedgePart13.Size = Vector3.new(0.20000000298023224, 2.1999998092651367, 3)
WedgePart13.BrickColor = BrickColor.new("Toothpaste")
WedgePart13.Material = Enum.Material.Metal
WedgePart13.brickColor = BrickColor.new("Toothpaste")
WedgePart13.FormFactor = Enum.FormFactor.Symmetric
WedgePart13.formFactor = Enum.FormFactor.Symmetric
Part14.Parent = Model1
Part14.CFrame = CFrame.new(-97.850647, 4.00000668, -39.4093399, 1, 0, 0, 0, -1, 0, 0, 0, -1)
Part14.Orientation = Vector3.new(0, 180, 180)
Part14.Position = Vector3.new(-97.85064697265625, 4.000006675720215, -39.409339904785156)
Part14.Rotation = Vector3.new(-180, 0, 0)
Part14.Color = Color3.new(0, 1, 1)
Part14.Size = Vector3.new(4.400000095367432, 7.400000095367432, 0.20000000298023224)
Part14.BottomSurface = Enum.SurfaceType.Smooth
Part14.BrickColor = BrickColor.new("Toothpaste")
Part14.Material = Enum.Material.Metal
Part14.TopSurface = Enum.SurfaceType.Smooth
Part14.brickColor = BrickColor.new("Toothpaste")
Part14.FormFactor = Enum.FormFactor.Symmetric
Part14.formFactor = Enum.FormFactor.Symmetric
Part15.Parent = Model1
Part15.CFrame = CFrame.new(-97.8506927, 4.00000668, -43.2082901, 1, 0, 0, 0, -1, 0, 0, 0, -1)
Part15.Orientation = Vector3.new(0, 180, 180)
Part15.Position = Vector3.new(-97.85069274902344, 4.000006675720215, -43.208290100097656)
Part15.Rotation = Vector3.new(-180, 0, 0)
Part15.Color = Color3.new(0, 1, 1)
Part15.Size = Vector3.new(4.400000095367432, 0.20000000298023224, 7.400000095367432)
Part15.BottomSurface = Enum.SurfaceType.Smooth
Part15.BrickColor = BrickColor.new("Toothpaste")
Part15.Material = Enum.Material.Metal
Part15.TopSurface = Enum.SurfaceType.Smooth
Part15.brickColor = BrickColor.new("Toothpaste")
Part15.FormFactor = Enum.FormFactor.Symmetric
Part15.formFactor = Enum.FormFactor.Symmetric
Part16.Parent = Model1
Part16.CFrame = CFrame.new(-97.8507004, 0.200018197, -43.2082901, 1, 0, 0, 0, -1, 0, 0, 0, -1)
Part16.Orientation = Vector3.new(0, 180, 180)
Part16.Position = Vector3.new(-97.85070037841797, 0.20001819729804993, -43.208290100097656)
Part16.Rotation = Vector3.new(-180, 0, 0)
Part16.Color = Color3.new(0, 1, 1)
Part16.Size = Vector3.new(4.400000095367432, 0.20000000298023224, 7.800000190734863)
Part16.BottomSurface = Enum.SurfaceType.Smooth
Part16.BrickColor = BrickColor.new("Toothpaste")
Part16.Material = Enum.Material.Metal
Part16.TopSurface = Enum.SurfaceType.Smooth
Part16.brickColor = BrickColor.new("Toothpaste")
Part16.FormFactor = Enum.FormFactor.Symmetric
Part16.formFactor = Enum.FormFactor.Symmetric
WedgePart17.Parent = Model1
WedgePart17.CFrame = CFrame.new(-101.550537, 3.99999857, -40.6088028, 0, 0, 1, 1, 0, 0, 0, 1, 0)
WedgePart17.Orientation = Vector3.new(0, 90, 90)
WedgePart17.Position = Vector3.new(-101.550537109375, 3.9999985694885254, -40.608802795410156)
WedgePart17.Rotation = Vector3.new(90, 90, 0)
WedgePart17.Color = Color3.new(0, 1, 1)
WedgePart17.Size = Vector3.new(0.20000000298023224, 2.1999998092651367, 3)
WedgePart17.BrickColor = BrickColor.new("Toothpaste")
WedgePart17.Material = Enum.Material.Metal
WedgePart17.brickColor = BrickColor.new("Toothpaste")
WedgePart17.FormFactor = Enum.FormFactor.Symmetric
WedgePart17.formFactor = Enum.FormFactor.Symmetric
Model18.Name = "Parts"
Model18.Parent = Model0
Model19.Parent = Model18
Part20.Parent = Model19
Part20.CFrame = CFrame.new(-109.765388, 0.86960113, -40.1521416, 0.992697358, -0.120633155, -3.68082533e-06, -0.0853030384, -0.701942027, -0.707107723, 0.085298039, 0.701943994, -0.707106352)
Part20.Orientation = Vector3.new(45, -180, -173.07000732421875)
Part20.Position = Vector3.new(-109.76538848876953, 0.8696011304855347, -40.15214157104492)
Part20.Rotation = Vector3.new(135, 0, 6.929999828338623)
Part20.Color = Color3.new(0, 1, 0)
Part20.Size = Vector3.new(0.20000000298023224, 0.8206923007965088, 0.20000000298023224)
Part20.BrickColor = BrickColor.new("Lime green")
Part20.CanCollide = false
Part20.Material = Enum.Material.Neon
Part20.brickColor = BrickColor.new("Lime green")
Part20.FormFactor = Enum.FormFactor.Custom
Part20.formFactor = Enum.FormFactor.Custom
CylinderMesh21.Parent = Part20
CylinderMesh21.Scale = Vector3.new(0.586208701133728, 1, 0.9999961853027344)
Snap22.Parent = Part20
Snap22.C0 = CFrame.new(0, -0.41034615, 0, 1, 0, 0, -0, -0, -1, 0, 1, 0)
Snap22.C1 = CFrame.new(-0.17591095, 0.175521851, 0.000350952148, 1.00000012, 0, -1.11758709e-08, 1.11758709e-08, 2.98023224e-08, -1.00000012, 0, 1.00000024, -2.98023224e-08)
Snap22.Part0 = Part20
Snap22.Part1 = Part40
Snap22.part1 = Part40
Part23.Parent = Model19
Part23.CFrame = CFrame.new(-109.98571, 1.30611277, -40.5892715, -0.120636031, 3.59523566e-09, 0.992696881, -0.701941192, -0.707108378, -0.0853023753, 0.701944172, -0.707105339, 0.0853027478)
Part23.Orientation = Vector3.new(4.889999866485596, 85.08999633789062, -135.2100067138672)
Part23.Position = Vector3.new(-109.98571014404297, 1.3061127662658691, -40.589271545410156)
Part23.Rotation = Vector3.new(45, 83.06999969482422, -180)
Part23.Color = Color3.new(0, 1, 0)
Part23.Size = Vector3.new(0.3517252206802368, 0.20000000298023224, 0.5999977588653564)
Part23.BrickColor = BrickColor.new("Lime green")
Part23.CanCollide = false
Part23.Material = Enum.Material.Neon
Part23.brickColor = BrickColor.new("Lime green")
Part23.FormFactor = Enum.FormFactor.Custom
Part23.formFactor = Enum.FormFactor.Custom
CylinderMesh24.Parent = Part23
Part25.Parent = Model19
Part25.CFrame = CFrame.new(-109.416328, 0.839619398, -40.1228409, 0.992697358, -0.120633155, -3.68082533e-06, -0.0853030384, -0.701942027, -0.707107723, 0.085298039, 0.701943994, -0.707106352)
Part25.Orientation = Vector3.new(45, -180, -173.07000732421875)
Part25.Position = Vector3.new(-109.41632843017578, 0.8396193981170654, -40.122840881347656)
Part25.Rotation = Vector3.new(135, 0, 6.929999828338623)
Part25.Color = Color3.new(0, 1, 0)
Part25.Size = Vector3.new(0.20000000298023224, 0.8206923007965088, 0.20000000298023224)
Part25.BrickColor = BrickColor.new("Lime green")
Part25.CanCollide = false
Part25.Material = Enum.Material.Neon
Part25.brickColor = BrickColor.new("Lime green")
Part25.FormFactor = Enum.FormFactor.Custom
Part25.formFactor = Enum.FormFactor.Custom
CylinderMesh26.Parent = Part25
CylinderMesh26.Scale = Vector3.new(0.586208701133728, 1, 0.9999961853027344)
Snap27.Parent = Part25
Snap27.C0 = CFrame.new(0, -0.41034615, 0, 1, 0, 0, -0, -0, -1, 0, 1, 0)
Snap27.C1 = CFrame.new(0.17565918, 0.17502594, 0.000831604004, 1.00000012, 0, -1.11758709e-08, 1.11758709e-08, 2.98023224e-08, -1.00000012, 0, 1.00000024, -2.98023224e-08)
Snap27.Part0 = Part25
Snap27.Part1 = Part40
Snap27.part1 = Part40
Part28.Parent = Model19
Part28.CFrame = CFrame.new(-109.162231, 0.943069458, -40.2263565, 0.992697358, -0.120633155, -3.68082533e-06, -0.0853030384, -0.701942027, -0.707107723, 0.085298039, 0.701943994, -0.707106352)
Part28.Orientation = Vector3.new(45, -180, -173.07000732421875)
Part28.Position = Vector3.new(-109.1622314453125, 0.9430694580078125, -40.226356506347656)
Part28.Rotation = Vector3.new(135, 0, 6.929999828338623)
Part28.Color = Color3.new(0, 1, 0)
Part28.Size = Vector3.new(0.20000000298023224, 0.4689670503139496, 0.20000000298023224)
Part28.BrickColor = BrickColor.new("Lime green")
Part28.CanCollide = false
Part28.Material = Enum.Material.Neon
Part28.brickColor = BrickColor.new("Lime green")
Part28.FormFactor = Enum.FormFactor.Custom
Part28.formFactor = Enum.FormFactor.Custom
CylinderMesh29.Parent = Part28
CylinderMesh29.Scale = Vector3.new(0.586208701133728, 1, 0.9999961853027344)
Snap30.Parent = Part28
Snap30.C0 = CFrame.new(0, -0.234483525, 0, 1, 0, 0, -0, -0, -1, 0, 1, 0)
Snap30.C1 = CFrame.new(0.410247803, 0.174957275, 0.000877380371, 1.00000012, 0, -1.11758709e-08, 1.11758709e-08, 2.98023224e-08, -1.00000012, 0, 1.00000024, -2.98023224e-08)
Snap30.Part0 = Part28
Snap30.Part1 = Part40
Snap30.part1 = Part40
Part31.Parent = Model19
Part31.CFrame = CFrame.new(-109.976982, 1.01303875, -40.2949638, 0.992697358, -0.120633155, -3.68082533e-06, -0.0853030384, -0.701942027, -0.707107723, 0.085298039, 0.701943994, -0.707106352)
Part31.Orientation = Vector3.new(45, -180, -173.07000732421875)
Part31.Position = Vector3.new(-109.97698211669922, 1.0130387544631958, -40.29496383666992)
Part31.Rotation = Vector3.new(135, 0, 6.929999828338623)
Part31.Color = Color3.new(0, 1, 0)
Part31.Size = Vector3.new(0.20000000298023224, 0.4689670503139496, 0.20000000298023224)
Part31.BrickColor = BrickColor.new("Lime green")
Part31.CanCollide = false
Part31.Material = Enum.Material.Neon
Part31.brickColor = BrickColor.new("Lime green")
Part31.FormFactor = Enum.FormFactor.Custom
Part31.formFactor = Enum.FormFactor.Custom
CylinderMesh32.Parent = Part31
CylinderMesh32.Scale = Vector3.new(0.586208701133728, 1, 0.9999961853027344)
Snap33.Parent = Part31
Snap33.C0 = CFrame.new(0, -0.234483525, 0, 1, 0, 0, -0, -0, -1, 0, 1, 0)
Snap33.C1 = CFrame.new(-0.410377502, 0.175971985, -8.39233398e-05, 1.00000012, 0, -1.11758709e-08, 1.11758709e-08, 2.98023224e-08, -1.00000012, 0, 1.00000024, -2.98023224e-08)
Snap33.Part0 = Part31
Snap33.Part1 = Part40
Snap33.part1 = Part40
Part34.Parent = Model19
Part34.CFrame = CFrame.new(-110.005257, 0.848463297, -40.131752, 0, -0.120634958, 0.992697001, 0.707107842, -0.701941788, -0.0853016824, 0.707105815, 0.701943755, 0.0853019208)
Part34.Orientation = Vector3.new(4.889999866485596, 85.08999633789062, 134.7899932861328)
Part34.Position = Vector3.new(-110.00525665283203, 0.8484632968902588, -40.131752014160156)
Part34.Rotation = Vector3.new(45, 83.06999969482422, 90)
Part34.Color = Color3.new(0, 1, 0)
Part34.Size = Vector3.new(0.20000000298023224, 0.20000000298023224, 0.20000000298023224)
Part34.BottomSurface = Enum.SurfaceType.Smooth
Part34.BrickColor = BrickColor.new("Lime green")
Part34.CanCollide = false
Part34.Material = Enum.Material.Neon
Part34.TopSurface = Enum.SurfaceType.Smooth
Part34.brickColor = BrickColor.new("Lime green")
Part34.FormFactor = Enum.FormFactor.Custom
Part34.formFactor = Enum.FormFactor.Custom
SpecialMesh35.Parent = Part34
SpecialMesh35.Scale = Vector3.new(0.6000000238418579, 0.6000000238418579, 0.6000000238418579)
SpecialMesh35.MeshType = Enum.MeshType.Sphere
Part36.Parent = Model19
Part36.CFrame = CFrame.new(-109.640259, 0.566572428, -39.8492813, -0.120636031, -0.992696822, -4.46132253e-06, -0.701941192, 0.0853055492, -0.707107842, 0.701944172, -0.0852995515, -0.707105696)
Part36.Orientation = Vector3.new(45, -180, -83.06999969482422)
Part36.Position = Vector3.new(-109.6402587890625, 0.5665724277496338, -39.849281311035156)
Part36.Rotation = Vector3.new(135, 0, 96.93000030517578)
Part36.Color = Color3.new(0, 1, 0)
Part36.Size = Vector3.new(0.20000000298023224, 0.3517252802848816, 0.20000000298023224)
Part36.BrickColor = BrickColor.new("Lime green")
Part36.CanCollide = false
Part36.Material = Enum.Material.Neon
Part36.brickColor = BrickColor.new("Lime green")
Part36.FormFactor = Enum.FormFactor.Custom
Part36.formFactor = Enum.FormFactor.Custom
CylinderMesh37.Parent = Part36
CylinderMesh37.Scale = Vector3.new(0.586208701133728, 1, 0.9999961853027344)
Part38.Parent = Model19
Part38.CFrame = CFrame.new(-109.190422, 0.778455973, -40.0607071, 0, -0.120634958, 0.992697001, 0.707107842, -0.701941788, -0.0853016824, 0.707105815, 0.701943755, 0.0853019208)
Part38.Orientation = Vector3.new(4.889999866485596, 85.08999633789062, 134.7899932861328)
Part38.Position = Vector3.new(-109.19042205810547, 0.7784559726715088, -40.060707092285156)
Part38.Rotation = Vector3.new(45, 83.06999969482422, 90)
Part38.Color = Color3.new(0, 1, 0)
Part38.Size = Vector3.new(0.20000000298023224, 0.20000000298023224, 0.20000000298023224)
Part38.BottomSurface = Enum.SurfaceType.Smooth
Part38.BrickColor = BrickColor.new("Lime green")
Part38.CanCollide = false
Part38.Material = Enum.Material.Neon
Part38.TopSurface = Enum.SurfaceType.Smooth
Part38.brickColor = BrickColor.new("Lime green")
Part38.FormFactor = Enum.FormFactor.Custom
Part38.formFactor = Enum.FormFactor.Custom
SpecialMesh39.Parent = Part38
SpecialMesh39.Scale = Vector3.new(0.6000000238418579, 0.6000000238418579, 0.6000000238418579)
SpecialMesh39.MeshType = Enum.MeshType.Sphere
Part40.Parent = Model19
Part40.CFrame = CFrame.new(-109.520088, 1.26608896, -40.5481339, 0.992697239, -0.120633148, -3.67722919e-06, -0.0853030235, -0.701941967, -0.707107544, 0.0852980241, 0.701943934, -0.707106173)
Part40.Orientation = Vector3.new(45, -180, -173.07000732421875)
Part40.Position = Vector3.new(-109.52008819580078, 1.2660889625549316, -40.548133850097656)
Part40.Rotation = Vector3.new(135, 0, 6.929999828338623)
Part40.Color = Color3.new(0, 1, 0)
Part40.Size = Vector3.new(0.9379341006278992, 0.3517252802848816, 0.20000000298023224)
Part40.BrickColor = BrickColor.new("Lime green")
Part40.CanCollide = false
Part40.Material = Enum.Material.Neon
Part40.brickColor = BrickColor.new("Lime green")
Part40.FormFactor = Enum.FormFactor.Custom
Part40.formFactor = Enum.FormFactor.Custom
BlockMesh41.Parent = Part40
BlockMesh41.Scale = Vector3.new(1, 1, 0.9999961853027344)
Part42.Parent = Model19
Part42.CFrame = CFrame.new(-109.05468, 1.22608805, -40.5085831, -0.120636031, 3.59523566e-09, 0.992696881, -0.701941192, -0.707108378, -0.0853023753, 0.701944172, -0.707105339, 0.0853027478)
Part42.Orientation = Vector3.new(4.889999866485596, 85.08999633789062, -135.2100067138672)
Part42.Position = Vector3.new(-109.05467987060547, 1.226088047027588, -40.508583068847656)
Part42.Rotation = Vector3.new(45, 83.06999969482422, -180)
Part42.Color = Color3.new(0, 1, 0)
Part42.Size = Vector3.new(0.3517252206802368, 0.20000000298023224, 0.5999977588653564)
Part42.BrickColor = BrickColor.new("Lime green")
Part42.CanCollide = false
Part42.Material = Enum.Material.Neon
Part42.brickColor = BrickColor.new("Lime green")
Part42.FormFactor = Enum.FormFactor.Custom
Part42.formFactor = Enum.FormFactor.Custom
CylinderMesh43.Parent = Part42
Part44.Parent = Model19
Part44.CFrame = CFrame.new(-109.814804, 0.581571817, -39.864418, 0, -0.120634958, 0.992697001, 0.707107842, -0.701941788, -0.0853016824, 0.707105815, 0.701943755, 0.0853019208)
Part44.Orientation = Vector3.new(4.889999866485596, 85.08999633789062, 134.7899932861328)
Part44.Position = Vector3.new(-109.81480407714844, 0.5815718173980713, -39.864418029785156)
Part44.Rotation = Vector3.new(45, 83.06999969482422, 90)
Part44.Color = Color3.new(0, 1, 0)
Part44.Size = Vector3.new(0.20000000298023224, 0.20000000298023224, 0.20000000298023224)
Part44.BottomSurface = Enum.SurfaceType.Smooth
Part44.BrickColor = BrickColor.new("Lime green")
Part44.CanCollide = false
Part44.Material = Enum.Material.Neon
Part44.TopSurface = Enum.SurfaceType.Smooth
Part44.brickColor = BrickColor.new("Lime green")
Part44.FormFactor = Enum.FormFactor.Custom
Part44.formFactor = Enum.FormFactor.Custom
SpecialMesh45.Parent = Part44
SpecialMesh45.Scale = Vector3.new(0.6000000238418579, 0.6000000238418579, 0.6000000238418579)
SpecialMesh45.MeshType = Enum.MeshType.Sphere
Part46.Parent = Model19
Part46.CFrame = CFrame.new(-109.465698, 0.551557779, -39.834877, 0, -0.120634958, 0.992697001, 0.707107842, -0.701941788, -0.0853016824, 0.707105815, 0.701943755, 0.0853019208)
Part46.Orientation = Vector3.new(4.889999866485596, 85.08999633789062, 134.7899932861328)
Part46.Position = Vector3.new(-109.4656982421875, 0.5515577793121338, -39.834877014160156)
Part46.Rotation = Vector3.new(45, 83.06999969482422, 90)
Part46.Color = Color3.new(0, 1, 0)
Part46.Size = Vector3.new(0.20000000298023224, 0.20000000298023224, 0.20000000298023224)
Part46.BottomSurface = Enum.SurfaceType.Smooth
Part46.BrickColor = BrickColor.new("Lime green")
Part46.CanCollide = false
Part46.Material = Enum.Material.Neon
Part46.TopSurface = Enum.SurfaceType.Smooth
Part46.brickColor = BrickColor.new("Lime green")
Part46.FormFactor = Enum.FormFactor.Custom
Part46.formFactor = Enum.FormFactor.Custom
SpecialMesh47.Parent = Part46
SpecialMesh47.Scale = Vector3.new(0.6000000238418579, 0.6000000238418579, 0.6000000238418579)
SpecialMesh47.MeshType = Enum.MeshType.Sphere
Model48.Parent = Model18
Part49.Parent = Model48
Part49.CFrame = CFrame.new(-109.76545, 0.869601965, -46.2649307, 0.992696762, -0.120638035, -2.88943374e-06, -0.0853019804, -0.70194304, 0.70710665, -0.0853059739, -0.701942086, -0.707107127)
Part49.Orientation = Vector3.new(-45, -180, -173.07000732421875)
Part49.Position = Vector3.new(-109.76544952392578, 0.8696019649505615, -46.264930725097656)
Part49.Rotation = Vector3.new(-135, 0, 6.929999828338623)
Part49.Color = Color3.new(0, 1, 0)
Part49.Size = Vector3.new(0.20000000298023224, 0.8206923007965088, 0.20000000298023224)
Part49.BrickColor = BrickColor.new("Lime green")
Part49.CanCollide = false
Part49.Material = Enum.Material.Neon
Part49.brickColor = BrickColor.new("Lime green")
Part49.FormFactor = Enum.FormFactor.Custom
Part49.formFactor = Enum.FormFactor.Custom
CylinderMesh50.Parent = Part49
CylinderMesh50.Scale = Vector3.new(0.586208701133728, 1, 0.9999961853027344)
Part51.Parent = Model48
Part51.CFrame = CFrame.new(-109.985664, 1.30612803, -45.8276749, -0.120632, 3.59511287e-09, 0.992697299, -0.701943994, 0.707105815, -0.0852998272, -0.701942027, -0.707107842, -0.0852995813)
Part51.Orientation = Vector3.new(4.889999866485596, 94.91000366210938, -44.790000915527344)
Part51.Position = Vector3.new(-109.98566436767578, 1.3061280250549316, -45.827674865722656)
Part51.Rotation = Vector3.new(135, 83.06999969482422, -180)
Part51.Color = Color3.new(0, 1, 0)
Part51.Size = Vector3.new(0.3517252206802368, 0.20000000298023224, 0.5999977588653564)
Part51.BrickColor = BrickColor.new("Lime green")
Part51.CanCollide = false
Part51.Material = Enum.Material.Neon
Part51.brickColor = BrickColor.new("Lime green")
Part51.FormFactor = Enum.FormFactor.Custom
Part51.formFactor = Enum.FormFactor.Custom
CylinderMesh52.Parent = Part51
Part53.Parent = Model48
Part53.CFrame = CFrame.new(-109.416382, 0.839618742, -46.2947235, 0.992696762, -0.120638035, -2.88943374e-06, -0.0853019804, -0.70194304, 0.70710665, -0.0853059739, -0.701942086, -0.707107127)
Part53.Orientation = Vector3.new(-45, -180, -173.07000732421875)
Part53.Position = Vector3.new(-109.4163818359375, 0.8396187424659729, -46.29472351074219)
Part53.Rotation = Vector3.new(-135, 0, 6.929999828338623)
Part53.Color = Color3.new(0, 1, 0)
Part53.Size = Vector3.new(0.20000000298023224, 0.8206923007965088, 0.20000000298023224)
Part53.BrickColor = BrickColor.new("Lime green")
Part53.CanCollide = false
Part53.Material = Enum.Material.Neon
Part53.brickColor = BrickColor.new("Lime green")
Part53.FormFactor = Enum.FormFactor.Custom
Part53.formFactor = Enum.FormFactor.Custom
CylinderMesh54.Parent = Part53
CylinderMesh54.Scale = Vector3.new(0.586208701133728, 1, 0.9999961853027344)
Part55.Parent = Model48
Part55.CFrame = CFrame.new(-109.162292, 0.943060338, -46.1913261, 0.992696762, -0.120638035, -2.88943374e-06, -0.0853019804, -0.70194304, 0.70710665, -0.0853059739, -0.701942086, -0.707107127)
Part55.Orientation = Vector3.new(-45, -180, -173.07000732421875)
Part55.Position = Vector3.new(-109.16229248046875, 0.9430603384971619, -46.19132614135742)
Part55.Rotation = Vector3.new(-135, 0, 6.929999828338623)
Part55.Color = Color3.new(0, 1, 0)
Part55.Size = Vector3.new(0.20000000298023224, 0.4689670503139496, 0.20000000298023224)
Part55.BrickColor = BrickColor.new("Lime green")
Part55.CanCollide = false
Part55.Material = Enum.Material.Neon
Part55.brickColor = BrickColor.new("Lime green")
Part55.FormFactor = Enum.FormFactor.Custom
Part55.formFactor = Enum.FormFactor.Custom
CylinderMesh56.Parent = Part55
CylinderMesh56.Scale = Vector3.new(0.586208701133728, 1, 0.9999961853027344)
Part57.Parent = Model48
Part57.CFrame = CFrame.new(-109.97699, 1.01306951, -46.1205254, 0.992696762, -0.120638035, -2.88943374e-06, -0.0853019804, -0.70194304, 0.70710665, -0.0853059739, -0.701942086, -0.707107127)
Part57.Orientation = Vector3.new(-45, -180, -173.07000732421875)
Part57.Position = Vector3.new(-109.97698974609375, 1.0130695104599, -46.12052536010742)
Part57.Rotation = Vector3.new(-135, 0, 6.929999828338623)
Part57.Color = Color3.new(0, 1, 0)
Part57.Size = Vector3.new(0.20000000298023224, 0.4689670503139496, 0.20000000298023224)
Part57.BrickColor = BrickColor.new("Lime green")
Part57.CanCollide = false
Part57.Material = Enum.Material.Neon
Part57.brickColor = BrickColor.new("Lime green")
Part57.FormFactor = Enum.FormFactor.Custom
Part57.formFactor = Enum.FormFactor.Custom
CylinderMesh58.Parent = Part57
CylinderMesh58.Scale = Vector3.new(0.586208701133728, 1, 0.9999961853027344)
Part59.Parent = Model48
Part59.CFrame = CFrame.new(-110.005302, 0.848463297, -46.2854385, 0, -0.120634958, 0.992696941, -0.707106829, -0.701942742, -0.0853018016, 0.707106829, -0.701942742, -0.0853018016)
Part59.Orientation = Vector3.new(4.889999866485596, 94.91000366210938, -134.7899932861328)
Part59.Position = Vector3.new(-110.00530242919922, 0.8484632968902588, -46.285438537597656)
Part59.Rotation = Vector3.new(135, 83.06999969482422, 90)
Part59.Color = Color3.new(0, 1, 0)
Part59.Size = Vector3.new(0.20000000298023224, 0.20000000298023224, 0.20000000298023224)
Part59.BottomSurface = Enum.SurfaceType.Smooth
Part59.BrickColor = BrickColor.new("Lime green")
Part59.CanCollide = false
